(0, 1, 0)	2	0	827222	927444	56	56
(1, 0, 0)	1	0	968766	848493	65	64
(0, 2, 0)	2	0	797904	786251	45	45
(2, 0, 0)	2	0	806117	536883	37	37
(0, 3, 0)	2	0	441258	280847	30	30
(3, 0, 0)	1	0	750817	826555	51	50
(0, 4, 0)	1	0	343803	584079	32	31
(4, 0, 0)	1	0	547832	683489	43	42
(0, 5, 0)	2	0	841628	895102	67	67
(5, 0, 0)	1	0	921812	828458	56	55
(0, 6, 0)	1	0	430215	844751	33	32
(6, 0, 0)	2	0	872742	271431	25	25
(0, 7, 0)	1	0	278803	359131	26	25
(7, 0, 0)	2	0	423784	206403	28	28
(0, 8, 0)	2	0	834782	942560	53	53
(8, 0, 0)	2	0	903955	837447	47	47
(0, 9, 0)	1	0	444171	372607	30	29
(9, 0, 0)	2	0	260881	112740	21	21
(0, 10, 0)	1	0	215619	555946	21	20
(10, 0, 0)	2	0	783657	303320	26	26
(0, 11, 0)	1	0	87012	283037	13	12
(11, 0, 0)	2	0	690938	309406	23	23
(0, 12, 0)	1	0	301394	391967	28	27
(12, 0, 0)	2	0	519966	403071	35	35
(0, 13, 0)	1	0	542207	168753	43	42
(13, 0, 0)	2	0	81751	168287	27	27
(1, 2, 0)	2	0	915569	764762	37	37
(2, 1, 0)	1	0	846740	953918	46	45
(1, 3, 0)	2	0	618999	76304	14	14
(3, 1, 0)	2	0	895047	949694	56	56
(1, 4, 0)	1	0	893174	702964	43	42
(4, 1, 0)	1	0	332002	748413	21	20
(1, 5, 0)	1	0	929637	864679	47	46
(5, 1, 0)	2	0	864262	872225	41	41
(1, 6, 0)	2	0	556836	408396	13	13
(6, 1, 0)	2	0	941572	804060	37	37
(1, 7, 0)	1	0	732756	499461	31	30
(7, 1, 0)	2	0	701357	886012	42	42
(1, 8, 0)	1	0	678155	288206	21	20
(8, 1, 0)	2	0	130430	250014	11	11
(1, 9, 0)	1	0	924711	545019	46	45
(9, 1, 0)	2	0	199003	588280	19	19
(1, 10, 0)	1	0	701788	676257	26	25
(10, 1, 0)	2	0	896534	832415	39	39
(1, 11, 0)	1	0	881509	889035	40	39
(11, 1, 0)	2	0	797431	866203	35	35
(1, 12, 0)	1	0	868227	631138	43	42
(12, 1, 0)	2	0	394524	670780	27	27
(1, 13, 0)	1	0	794525	278298	38	37
(13, 1, 0)	2	0	189933	621430	26	26
(2, 3, 0)	2	0	549418	67602	13	13
(3, 2, 0)	2	0	973662	900136	86	86
(2, 4, 0)	1	0	819711	874283	50	49
(4, 2, 0)	2	0	406124	634058	28	28
(2, 5, 0)	1	0	790737	840474	35	34
(5, 2, 0)	2	0	862607	788874	41	41
(2, 6, 0)	2	0	527666	318493	12	12
(6, 2, 0)	2	0	962567	759862	42	42
(2, 7, 0)	1	0	753325	671985	39	38
(7, 2, 0)	2	0	671723	729332	40	40
(2, 8, 0)	1	0	658516	428804	23	22
(8, 2, 0)	2	0	128695	471222	11	11
(2, 9, 0)	1	0	785199	493577	40	39
(9, 2, 0)	2	0	624733	845873	68	68
(2, 10, 0)	1	0	682880	756833	26	25
(10, 2, 0)	2	0	382875	535252	15	15
(2, 11, 0)	1	0	776231	848730	36	35
(11, 2, 0)	2	0	766351	749755	31	31
(2, 12, 0)	1	0	817222	711368	53	52
(12, 2, 0)	2	0	577955	744931	38	38
(2, 13, 0)	1	0	705590	247619	33	32
(13, 2, 0)	2	0	121295	697113	31	31
(3, 4, 0)	1	0	518465	766431	37	36
(4, 3, 0)	2	0	374810	195007	20	20
(3, 5, 0)	1	0	587070	869197	49	48
(5, 3, 0)	2	0	651124	443488	22	22
(3, 6, 0)	1	0	376133	868963	34	33
(6, 3, 0)	2	0	643398	159423	24	24
(3, 7, 0)	1	0	94482	146327	11	10
(7, 3, 0)	2	0	500375	293384	31	31
(3, 8, 0)	1	0	381563	441896	22	21
(8, 3, 0)	2	0	272462	77329	18	18
(3, 9, 0)	1	0	523362	392068	34	33
(9, 3, 0)	2	0	244306	305420	21	21
(3, 10, 0)	1	0	184009	519861	22	21
(10, 3, 0)	2	0	380971	100245	16	16
(3, 11, 0)	1	0	392569	769923	30	29
(11, 3, 0)	2	0	346056	79887	18	18
(3, 12, 0)	1	0	373518	310914	25	24
(12, 3, 0)	2	0	202451	78866	17	17
(3, 13, 0)	1	0	172976	75908	23	22
(13, 3, 0)	2	0	83653	294481	29	29
(4, 5, 0)	2	0	635546	876264	34	34
(5, 4, 0)	2	0	485416	195594	13	13
(4, 6, 0)	1	0	518091	878178	35	34
(6, 4, 0)	2	0	696847	332782	27	27
(4, 7, 0)	1	0	431702	464845	35	34
(7, 4, 0)	2	0	433720	271326	26	26
(4, 8, 0)	1	0	440046	258215	20	19
(8, 4, 0)	2	0	991870	873324	69	69
(4, 9, 0)	1	0	332384	282185	24	23
(9, 4, 0)	2	0	494233	663501	37	37
(4, 10, 0)	1	0	288778	528318	19	18
(10, 4, 0)	2	0	404090	189713	17	17
(4, 11, 0)	1	0	129382	188456	18	17
(11, 4, 0)	2	0	344061	223081	19	19
(4, 12, 0)	1	0	167810	133558	21	20
(12, 4, 0)	2	0	311343	211267	26	26
(4, 13, 0)	1	0	478880	206815	44	43
(13, 4, 0)	2	0	66160	388246	24	24
(5, 6, 0)	1	0	746614	890967	33	32
(6, 5, 0)	2	0	814548	811212	28	28
(5, 7, 0)	1	0	774948	468467	34	33
(7, 5, 0)	2	0	661737	909262	44	44
(5, 8, 0)	1	0	819570	799271	37	36
(8, 5, 0)	2	0	210762	365041	13	13
(5, 9, 0)	1	0	902763	472821	36	35
(9, 5, 0)	2	0	381137	700341	33	33
(5, 10, 0)	1	0	673699	724184	23	22
(10, 5, 0)	2	0	227586	213970	17	17
(5, 11, 0)	1	0	878052	877180	40	39
(11, 5, 0)	2	0	349470	468811	24	24
(5, 12, 0)	1	0	761536	467738	40	39
(12, 5, 0)	2	0	523923	816036	26	26
(5, 13, 0)	1	0	648074	139875	30	29
(13, 5, 0)	2	0	171366	560607	31	31
(6, 7, 0)	1	0	619956	400490	24	23
(7, 6, 0)	1	0	620565	918631	38	37
(6, 8, 0)	1	0	766222	426799	17	16
(8, 6, 0)	2	0	273498	344041	18	18
(6, 9, 0)	1	0	846598	376360	31	30
(9, 6, 0)	2	0	379459	877716	38	38
(6, 10, 0)	1	0	382507	302789	18	17
(10, 6, 0)	2	0	283630	314826	15	15
(6, 11, 0)	1	0	685788	608429	29	28
(11, 6, 0)	2	0	474976	375220	20	20
(6, 12, 0)	1	0	690755	443777	25	24
(12, 6, 0)	2	0	200072	331902	18	18
(6, 13, 0)	1	0	720095	134149	31	30
(13, 6, 0)	2	0	124701	543582	22	22
(7, 8, 0)	2	0	680862	765731	46	46
(8, 7, 0)	1	0	711064	663610	41	40
(7, 9, 0)	2	0	333902	126594	25	25
(9, 7, 0)	1	0	205735	336952	26	25
(7, 10, 0)	1	0	326871	467526	18	17
(10, 7, 0)	2	0	230233	125379	15	15
(7, 11, 0)	1	0	135574	204787	16	15
(11, 7, 0)	2	0	341444	247502	18	18
(7, 12, 0)	1	0	221836	128657	16	15
(12, 7, 0)	2	0	606685	686625	52	52
(7, 13, 0)	1	0	227308	27533	10	9
(13, 7, 0)	2	0	68958	409720	27	27
(8, 9, 0)	1	0	410937	240568	23	22
(9, 8, 0)	1	0	177830	198709	19	18
(8, 10, 0)	2	0	195419	496021	15	15
(10, 8, 0)	1	0	733190	485592	27	26
(8, 11, 0)	2	0	191842	329688	10	10
(11, 8, 0)	2	0	770077	547950	29	29
(8, 12, 0)	1	0	500955	486155	42	41
(12, 8, 0)	2	0	441579	492987	29	29
(8, 13, 0)	1	0	774981	730134	46	45
(13, 8, 0)	2	0	245187	591913	44	44
(9, 10, 0)	1	0	312301	786135	31	30
(10, 9, 0)	2	0	440754	93585	13	13
(9, 11, 0)	1	0	53340	286882	15	14
(11, 9, 0)	1	0	887754	497850	45	44
(9, 12, 0)	1	0	549411	798845	67	66
(12, 9, 0)	1	0	389359	319492	28	27
(9, 13, 0)	1	0	363073	241592	40	39
(13, 9, 0)	2	0	123648	235918	26	26
(10, 11, 0)	2	0	590154	334142	19	19
(11, 10, 0)	2	0	837665	882267	36	36
(10, 12, 0)	1	0	670247	388774	28	27
(12, 10, 0)	2	0	600458	808019	35	35
(10, 13, 0)	2	0	951977	685469	53	53
(13, 10, 0)	1	0	245587	641792	22	21
(11, 12, 0)	1	0	622748	519252	36	35
(12, 11, 0)	2	0	541634	773881	36	36
(11, 13, 0)	1	0	682765	172312	31	30
(13, 11, 0)	1	0	33536	209248	17	16
(12, 13, 0)	2	0	432063	325106	26	26
(13, 12, 0)	1	0	26068	127952	16	15
(0, 1, 1)	2	0	801883	878919	52	52
(1, 0, 1)	1	0	950123	834322	57	56
(0, 2, 1)	1	0	247436	719667	26	25
(2, 0, 1)	1	0	803952	817950	53	52
(0, 3, 1)	2	0	822607	661018	45	45
(3, 0, 1)	1	0	817604	841853	61	60
(0, 4, 1)	1	0	513007	673673	45	44
(4, 0, 1)	2	0	581379	336179	30	30
(0, 5, 1)	1	0	256451	595687	26	25
(5, 0, 1)	1	0	856509	634351	36	35
(0, 6, 1)	1	0	213623	583850	26	25
(6, 0, 1)	2	0	873233	469536	39	39
(0, 7, 1)	1	0	293232	424269	27	26
(7, 0, 1)	2	0	330534	161696	22	22
(0, 8, 1)	1	0	247537	448059	26	25
(8, 0, 1)	2	0	198951	312688	26	26
(0, 9, 1)	1	0	290628	212890	22	21
(9, 0, 1)	2	0	238466	217164	26	26
(0, 10, 1)	1	0	72275	398186	17	16
(10, 0, 1)	2	0	751350	251544	30	30
(0, 11, 1)	1	0	199095	494304	22	21
(11, 0, 1)	2	0	491265	116607	20	20
(0, 12, 1)	1	0	547631	558947	41	40
(12, 0, 1)	2	0	454896	325861	31	31
(0, 13, 1)	1	0	165727	170410	24	23
(13, 0, 1)	2	0	81094	134345	18	18
(1, 2, 1)	2	0	737035	645352	19	19
(2, 1, 1)	1	0	819328	936776	46	45
(1, 3, 1)	1	0	815834	557940	35	34
(3, 1, 1)	1	0	443900	878811	33	32
(1, 4, 1)	1	0	690124	553943	25	24
(4, 1, 1)	1	0	604655	859570	30	29
(1, 5, 1)	1	0	920921	865721	44	43
(5, 1, 1)	1	0	734432	786998	28	27
(1, 6, 1)	1	0	763806	875570	32	31
(6, 1, 1)	2	0	961990	872612	45	45
(1, 7, 1)	1	0	601443	424650	24	23
(7, 1, 1)	2	0	638720	826664	36	36
(1, 8, 1)	1	0	529500	285229	19	18
(8, 1, 1)	2	0	297605	567150	16	16
(1, 9, 1)	1	0	561298	183382	20	19
(9, 1, 1)	2	0	261273	753373	29	29
(1, 10, 1)	1	0	886048	943395	44	43
(10, 1, 1)	2	0	288549	330134	15	15
(1, 11, 1)	1	0	712992	786947	29	28
(11, 1, 1)	2	0	722033	774940	22	22
(1, 12, 1)	1	0	793596	563015	35	34
(12, 1, 1)	2	0	526915	746323	33	33
(1, 13, 1)	1	0	735040	608816	34	33
(13, 1, 1)	2	0	60973	678299	25	25
(2, 3, 1)	1	0	705093	596958	30	29
(3, 2, 1)	1	0	516290	769059	32	31
(2, 4, 1)	1	0	816610	879215	61	60
(4, 2, 1)	2	0	200929	581724	16	16
(2, 5, 1)	1	0	737971	702088	27	26
(5, 2, 1)	2	0	792048	802626	39	39
(2, 6, 1)	1	0	633437	796014	26	25
(6, 2, 1)	2	0	966595	830335	56	56
(2, 7, 1)	1	0	733329	626917	41	40
(7, 2, 1)	2	0	742093	779145	46	46
(2, 8, 1)	1	0	719447	564721	25	24
(8, 2, 1)	2	0	320122	696833	24	24
(2, 9, 1)	1	0	625094	295221	25	24
(9, 2, 1)	2	0	383301	712936	30	30
(2, 10, 1)	1	0	829720	943656	53	52
(10, 2, 1)	2	0	454082	551646	16	16
(2, 11, 1)	2	0	737987	532538	27	27
(11, 2, 1)	2	0	926894	773015	34	34
(2, 12, 1)	1	0	712879	436094	33	32
(12, 2, 1)	2	0	780136	829126	63	63
(2, 13, 1)	1	0	814774	426484	51	50
(13, 2, 1)	2	0	155102	766860	42	42
(3, 4, 1)	1	0	422057	543687	33	32
(4, 3, 1)	2	0	364627	382050	22	22
(3, 5, 1)	1	0	444890	695655	24	23
(5, 3, 1)	2	0	693970	449927	19	19
(3, 6, 1)	1	0	513325	891807	38	37
(6, 3, 1)	2	0	934227	593563	45	45
(3, 7, 1)	1	0	199774	476761	28	27
(7, 3, 1)	2	0	349600	145590	22	22
(3, 8, 1)	1	0	191004	265608	26	25
(8, 3, 1)	2	0	325905	334618	30	30
(3, 9, 1)	1	0	133918	180245	18	17
(9, 3, 1)	2	0	378618	546473	30	30
(3, 10, 1)	1	0	436478	773554	27	26
(10, 3, 1)	2	0	331912	110889	13	13
(3, 11, 1)	1	0	288604	635255	29	28
(11, 3, 1)	2	0	349570	98599	15	15
(3, 12, 1)	1	0	362536	411186	29	28
(12, 3, 1)	2	0	500188	425463	33	33
(3, 13, 1)	1	0	308472	111968	30	29
(13, 3, 1)	2	0	458808	436411	39	39
(4, 5, 1)	2	0	693201	827097	49	49
(5, 4, 1)	2	0	941770	853661	71	71
(4, 6, 1)	1	0	426702	553660	27	26
(6, 4, 1)	1	0	976495	747781	48	47
(4, 7, 1)	1	0	362780	468606	30	29
(7, 4, 1)	2	0	485318	405870	38	38
(4, 8, 1)	1	0	256694	194430	16	15
(8, 4, 1)	1	0	741661	785018	43	42
(4, 9, 1)	1	0	101865	187646	17	16
(9, 4, 1)	2	0	471126	490956	39	39
(4, 10, 1)	1	0	349558	906521	27	26
(10, 4, 1)	2	0	840867	383179	30	30
(4, 11, 1)	1	0	217210	421114	20	19
(11, 4, 1)	2	0	423073	143696	18	18
(4, 12, 1)	1	0	507643	413919	26	25
(12, 4, 1)	2	0	359361	237535	23	23
(4, 13, 1)	1	0	427525	394771	34	33
(13, 4, 1)	2	0	182251	164299	20	20
(5, 6, 1)	1	0	901206	912209	50	49
(6, 5, 1)	2	0	896977	737653	34	34
(5, 7, 1)	1	0	616772	384788	25	24
(7, 5, 1)	2	0	640489	818980	39	39
(5, 8, 1)	1	0	367080	258135	19	18
(8, 5, 1)	2	0	516994	666318	37	37
(5, 9, 1)	1	0	868903	468886	42	41
(9, 5, 1)	2	0	432342	862972	38	38
(5, 10, 1)	1	0	866908	891915	38	37
(10, 5, 1)	2	0	457788	344318	17	17
(5, 11, 1)	1	0	663418	592452	22	21
(11, 5, 1)	2	0	493543	468976	25	25
(5, 12, 1)	1	0	732174	312357	27	26
(12, 5, 1)	1	0	195931	495617	14	13
(5, 13, 1)	1	0	933497	820670	50	49
(13, 5, 1)	2	0	125647	775694	30	30
(6, 7, 1)	1	0	895339	670773	36	35
(7, 6, 1)	2	0	416454	702046	19	19
(6, 8, 1)	1	0	804672	330753	25	24
(8, 6, 1)	1	0	396539	849156	31	30
(6, 9, 1)	1	0	225183	181456	17	16
(9, 6, 1)	2	0	622090	984343	52	52
(6, 10, 1)	1	0	718623	681384	32	31
(10, 6, 1)	1	0	643379	807238	27	26
(6, 11, 1)	1	0	690115	620399	23	22
(11, 6, 1)	2	0	873431	895761	32	32
(6, 12, 1)	1	0	661457	429307	26	25
(12, 6, 1)	2	0	443436	765444	25	25
(6, 13, 1)	1	0	727678	138936	20	19
(13, 6, 1)	2	0	76037	568991	24	24
(7, 8, 1)	2	0	534402	316007	29	29
(8, 7, 1)	1	0	417043	310369	26	25
(7, 9, 1)	2	0	267379	111748	20	20
(9, 7, 1)	2	0	786467	950656	83	83
(7, 10, 1)	2	0	447163	597305	25	25
(10, 7, 1)	1	0	734213	470977	33	32
(7, 11, 1)	2	0	303669	342254	17	17
(11, 7, 1)	2	0	679110	396886	20	20
(7, 12, 1)	2	0	302141	142183	17	17
(12, 7, 1)	2	0	515358	553877	30	30
(7, 13, 1)	1	0	469666	265981	25	24
(13, 7, 1)	2	0	117338	474273	20	20
(8, 9, 1)	1	0	420499	242028	22	21
(9, 8, 1)	2	0	419360	763456	35	35
(8, 10, 1)	1	0	321959	712093	28	27
(10, 8, 1)	2	0	865032	622348	34	34
(8, 11, 1)	1	0	407425	611484	21	20
(11, 8, 1)	2	0	692186	525377	24	24
(8, 12, 1)	1	0	341403	356689	31	30
(12, 8, 1)	2	0	605063	687388	38	38
(8, 13, 1)	1	0	555188	214142	30	29
(13, 8, 1)	1	0	135460	512098	21	20
(9, 10, 1)	2	0	440387	904814	40	40
(10, 9, 1)	2	0	428153	93011	13	13
(9, 11, 1)	1	0	186975	576069	22	21
(11, 9, 1)	2	0	525629	173704	21	21
(9, 12, 1)	1	0	240943	411078	29	28
(12, 9, 1)	1	0	375407	279951	26	25
(9, 13, 1)	1	0	377963	674544	40	39
(13, 9, 1)	2	0	25414	111954	18	18
(10, 11, 1)	1	0	671254	626155	26	25
(11, 10, 1)	2	0	901785	890874	45	45
(10, 12, 1)	1	0	859043	582632	48	47
(12, 10, 1)	1	0	176642	411473	19	18
(10, 13, 1)	1	0	419717	215833	24	23
(13, 10, 1)	1	0	368316	695518	26	25
(11, 12, 1)	2	0	345757	187467	15	15
(12, 11, 1)	1	0	241757	417393	17	16
(11, 13, 1)	2	0	858783	469018	37	37
(13, 11, 1)	2	0	66500	317709	13	13
(12, 13, 1)	1	0	264339	89871	20	19
(13, 12, 1)	1	0	281096	456001	34	33
(0, 1, 2)	2	0	828431	947059	52	52
(1, 0, 2)	1	0	890469	805003	46	45
(0, 2, 2)	2	0	781211	822248	46	46
(2, 0, 2)	1	0	812119	832906	56	55
(0, 3, 2)	2	0	823220	645715	46	46
(3, 0, 2)	1	0	667942	786952	52	51
(0, 4, 2)	1	0	553036	559677	38	37
(4, 0, 2)	2	0	182579	120628	15	15
(0, 5, 2)	2	0	794900	795275	52	52
(5, 0, 2)	2	0	555496	157553	15	15
(0, 6, 2)	1	0	765212	973452	64	63
(6, 0, 2)	2	0	936009	554906	45	45
(0, 7, 2)	1	0	75789	202540	16	15
(7, 0, 2)	2	0	266765	130547	16	16
(0, 8, 2)	1	0	309609	464732	25	24
(8, 0, 2)	2	0	370764	340563	20	20
(0, 9, 2)	1	0	67029	110502	13	12
(9, 0, 2)	2	0	135661	31660	14	14
(0, 10, 2)	1	0	62930	273000	17	16
(10, 0, 2)	2	0	362500	107320	15	15
(0, 11, 2)	1	0	129647	560178	15	14
(11, 0, 2)	2	0	291567	111789	14	14
(0, 12, 2)	1	0	196239	336781	25	24
(12, 0, 2)	2	0	186648	124058	17	17
(0, 13, 2)	1	0	90541	19591	17	16
(13, 0, 2)	2	0	32240	90620	16	16
(1, 2, 2)	2	0	661463	598259	16	16
(2, 1, 2)	2	0	746276	815876	28	28
(1, 3, 2)	2	0	817064	469862	29	29
(3, 1, 2)	1	0	190161	555241	14	13
(1, 4, 2)	1	0	966707	916875	54	53
(4, 1, 2)	2	0	534682	686433	25	25
(1, 5, 2)	1	0	922436	862888	39	38
(5, 1, 2)	2	0	818693	854452	39	39
(1, 6, 2)	1	0	743022	762553	27	26
(6, 1, 2)	2	0	934534	885296	41	41
(1, 7, 2)	1	0	340949	202380	16	15
(7, 1, 2)	2	0	525316	707248	25	25
(1, 8, 2)	1	0	688474	141840	20	19
(8, 1, 2)	2	0	452739	726238	25	25
(1, 9, 2)	1	0	766008	253015	28	27
(9, 1, 2)	2	0	123569	331647	15	15
(1, 10, 2)	1	0	712392	607007	23	22
(10, 1, 2)	2	0	843820	739487	29	29
(1, 11, 2)	1	0	614567	655472	21	20
(11, 1, 2)	1	0	336076	631631	17	16
(1, 12, 2)	1	0	635697	362015	27	26
(12, 1, 2)	2	0	483567	780817	34	34
(1, 13, 2)	1	0	485289	20187	18	17
(13, 1, 2)	2	0	137390	689499	32	32
(2, 3, 2)	2	0	650754	338522	19	19
(3, 2, 2)	1	0	406659	737840	28	27
(2, 4, 2)	1	0	787491	708353	36	35
(4, 2, 2)	2	0	906615	823335	57	57
(2, 5, 2)	2	0	737856	632569	27	27
(5, 2, 2)	2	0	815618	744802	30	30
(2, 6, 2)	1	0	762850	936481	51	50
(6, 2, 2)	2	0	987209	830425	57	57
(2, 7, 2)	1	0	674115	432112	27	26
(7, 2, 2)	2	0	594440	739035	34	34
(2, 8, 2)	1	0	627268	138805	19	18
(8, 2, 2)	2	0	216800	524849	13	13
(2, 9, 2)	1	0	494642	110637	12	11
(9, 2, 2)	2	0	365657	732229	33	33
(2, 10, 2)	1	0	710976	740951	30	29
(10, 2, 2)	2	0	345417	579407	16	16
(2, 11, 2)	1	0	569814	509135	16	15
(11, 2, 2)	2	0	762217	724456	30	30
(2, 12, 2)	1	0	757588	688852	47	46
(12, 2, 2)	2	0	664164	778606	47	47
(2, 13, 2)	1	0	548764	20294	15	14
(13, 2, 2)	2	0	812360	740567	41	41
(3, 4, 2)	1	0	468501	469109	31	30
(4, 3, 2)	2	0	684027	622969	37	37
(3, 5, 2)	1	0	139138	416885	17	16
(5, 3, 2)	2	0	863323	797831	41	41
(3, 6, 2)	1	0	326119	784461	32	31
(6, 3, 2)	2	0	921578	559118	35	35
(3, 7, 2)	1	0	136247	202794	16	15
(7, 3, 2)	2	0	586589	442771	33	33
(3, 8, 2)	1	0	556734	566814	32	31
(8, 3, 2)	2	0	797165	481753	32	32
(3, 9, 2)	1	0	111767	129053	14	13
(9, 3, 2)	2	0	137249	18029	15	15
(3, 10, 2)	1	0	72320	308388	19	18
(10, 3, 2)	2	0	479268	211803	20	20
(3, 11, 2)	1	0	68178	400252	21	20
(11, 3, 2)	2	0	499112	234420	25	25
(3, 12, 2)	1	0	313453	330816	26	25
(12, 3, 2)	2	0	191978	187647	14	14
(3, 13, 2)	1	0	387272	132287	34	33
(13, 3, 2)	2	0	303299	358767	28	28
(4, 5, 2)	1	0	763699	868359	40	39
(5, 4, 2)	2	0	599871	407010	21	21
(4, 6, 2)	2	0	591719	703701	24	24
(6, 4, 2)	1	0	797202	651546	34	33
(4, 7, 2)	1	0	311784	486163	29	28
(7, 4, 2)	2	0	508106	309633	29	29
(4, 8, 2)	2	0	518135	542323	33	33
(8, 4, 2)	1	0	731936	737928	38	37
(4, 9, 2)	2	0	461975	198885	23	23
(9, 4, 2)	2	0	124775	32495	13	13
(4, 10, 2)	1	0	406341	896187	43	42
(10, 4, 2)	2	0	789240	502183	30	30
(4, 11, 2)	1	0	228212	525166	21	20
(11, 4, 2)	2	0	409717	158726	19	19
(4, 12, 2)	1	0	284335	270650	20	19
(12, 4, 2)	2	0	488229	381130	35	35
(4, 13, 2)	1	0	118965	21372	22	21
(13, 4, 2)	2	0	61518	258558	22	22
(5, 6, 2)	1	0	815605	913615	42	41
(6, 5, 2)	2	0	930533	818060	36	36
(5, 7, 2)	1	0	296054	192693	17	16
(7, 5, 2)	2	0	595112	742737	33	33
(5, 8, 2)	2	0	785476	609964	37	37
(8, 5, 2)	2	0	684861	815568	44	44
(5, 9, 2)	1	0	331268	113485	17	16
(9, 5, 2)	2	0	134268	117204	19	19
(5, 10, 2)	1	0	305853	327129	15	14
(10, 5, 2)	2	0	492014	326668	23	23
(5, 11, 2)	1	0	370992	386163	18	17
(11, 5, 2)	2	0	653012	620379	22	22
(5, 12, 2)	1	0	786408	387265	33	32
(12, 5, 2)	2	0	451529	765981	28	28
(5, 13, 2)	1	0	318454	18297	18	17
(13, 5, 2)	2	0	203525	802048	39	39
(6, 7, 2)	1	0	245158	190501	16	15
(7, 6, 2)	2	0	778803	962884	56	56
(6, 8, 2)	1	0	391531	192380	16	15
(8, 6, 2)	2	0	413629	776290	17	17
(6, 9, 2)	1	0	271287	113582	13	12
(9, 6, 2)	2	0	122364	84529	15	15
(6, 10, 2)	1	0	823974	792900	33	32
(10, 6, 2)	2	0	724414	812513	32	32
(6, 11, 2)	1	0	518380	477819	16	15
(11, 6, 2)	2	0	717606	687752	22	22
(6, 12, 2)	1	0	724874	332139	26	25
(12, 6, 2)	1	0	265509	566075	24	23
(6, 13, 2)	1	0	362868	21650	18	17
(13, 6, 2)	2	0	153143	755615	33	33
(7, 8, 2)	2	0	479229	389859	26	26
(8, 7, 2)	2	0	470112	514483	24	24
(7, 9, 2)	1	0	873465	670143	68	67
(9, 7, 2)	1	0	224755	504354	34	33
(7, 10, 2)	1	0	536993	638354	27	26
(10, 7, 2)	2	0	315313	233122	14	14
(7, 11, 2)	1	0	239217	311432	13	12
(11, 7, 2)	2	0	335215	232962	16	16
(7, 12, 2)	1	0	299607	194630	16	15
(12, 7, 2)	2	0	193778	209284	12	12
(7, 13, 2)	1	0	124557	13268	16	15
(13, 7, 2)	2	0	46717	300145	16	16
(8, 9, 2)	1	0	570497	292639	32	31
(9, 8, 2)	2	0	122316	64904	13	13
(8, 10, 2)	1	0	601890	879548	36	35
(10, 8, 2)	2	0	811093	406089	33	33
(8, 11, 2)	2	0	215882	343927	13	13
(11, 8, 2)	2	0	549093	266268	16	16
(8, 12, 2)	2	0	163789	209746	15	15
(12, 8, 2)	2	0	688089	912436	48	48
(8, 13, 2)	1	0	201865	69311	14	13
(13, 8, 2)	2	0	328601	541093	41	41
(9, 10, 2)	1	0	740761	988376	84	83
(10, 9, 2)	2	0	541785	112444	21	21
(9, 11, 2)	2	0	602892	927617	49	49
(11, 9, 2)	1	0	239288	106569	14	13
(9, 12, 2)	1	0	183624	332939	34	33
(12, 9, 2)	2	0	384311	201088	27	27
(9, 13, 2)	1	0	208518	62224	21	20
(13, 9, 2)	2	0	21054	148246	19	19
(10, 11, 2)	1	0	274677	385227	17	16
(11, 10, 2)	1	0	935529	958837	57	56
(10, 12, 2)	1	0	383588	194259	16	15
(12, 10, 2)	2	0	116735	296840	13	13
(10, 13, 2)	1	0	513459	99370	34	33
(13, 10, 2)	2	0	36042	239118	17	17
(11, 12, 2)	1	0	871414	603686	45	44
(12, 11, 2)	1	0	201145	385358	17	16
(11, 13, 2)	1	0	202966	27396	9	8
(13, 11, 2)	1	0	52620	384745	17	16
(12, 13, 2)	1	0	245371	31168	24	23
(13, 12, 2)	1	0	99008	489335	31	30
(0, 1, 3)	2	0	752956	929329	53	53
(1, 0, 3)	1	0	854508	705716	44	43
(0, 2, 3)	2	0	738317	783092	46	46
(2, 0, 3)	1	0	808983	782096	49	48
(0, 3, 3)	2	0	507726	363888	28	28
(3, 0, 3)	1	0	583060	733128	34	33
(0, 4, 3)	1	0	376319	532605	33	32
(4, 0, 3)	2	0	618720	638672	35	35
(0, 5, 3)	2	0	787542	830527	40	40
(5, 0, 3)	2	0	748764	584886	38	38
(0, 6, 3)	1	0	678275	968877	46	45
(6, 0, 3)	2	0	720655	235053	29	29
(0, 7, 3)	1	0	469887	569481	29	28
(7, 0, 3)	2	0	440412	217904	24	24
(0, 8, 3)	1	0	342852	347243	22	21
(8, 0, 3)	2	0	308915	160995	17	17
(0, 9, 3)	1	0	187220	226390	19	18
(9, 0, 3)	2	0	289818	212380	28	28
(0, 10, 3)	1	0	428201	841247	28	27
(10, 0, 3)	2	0	743511	542356	28	28
(0, 11, 3)	1	0	791220	956785	58	57
(11, 0, 3)	2	0	655587	295249	24	24
(0, 12, 3)	1	0	150332	364894	23	22
(12, 0, 3)	2	0	444115	367504	30	30
(0, 13, 3)	1	0	296296	136496	26	25
(13, 0, 3)	2	0	78725	284094	26	26
(1, 2, 3)	1	0	771933	709623	25	24
(2, 1, 3)	1	0	666682	734903	21	20
(1, 3, 3)	2	0	820620	590595	33	33
(3, 1, 3)	1	0	614576	918794	48	47
(1, 4, 3)	1	0	894707	687556	41	40
(4, 1, 3)	2	0	790534	933368	46	46
(1, 5, 3)	2	0	784206	696709	31	31
(5, 1, 3)	2	0	848221	901273	37	37
(1, 6, 3)	1	0	899237	949011	37	36
(6, 1, 3)	2	0	948981	878245	46	46
(1, 7, 3)	1	0	835721	651495	40	39
(7, 1, 3)	2	0	573121	768669	30	30
(1, 8, 3)	1	0	286489	66911	11	10
(8, 1, 3)	2	0	454510	676010	25	25
(1, 9, 3)	1	0	265342	94686	13	12
(9, 1, 3)	2	0	261131	765215	27	27
(1, 10, 3)	1	0	851838	837295	38	37
(10, 1, 3)	1	0	591057	633950	17	16
(1, 11, 3)	1	0	156432	37770	9	8
(11, 1, 3)	2	0	674056	726850	23	23
(1, 12, 3)	1	0	752864	455221	33	32
(12, 1, 3)	1	0	36349	312927	9	8
(1, 13, 3)	1	0	764268	217723	34	33
(13, 1, 3)	1	0	5606	317760	9	8
(2, 3, 3)	2	0	621622	256603	17	17
(3, 2, 3)	1	0	33046	419754	9	8
(2, 4, 3)	1	0	791933	828876	44	43
(4, 2, 3)	1	0	25101	419833	9	8
(2, 5, 3)	1	0	820032	901922	46	45
(5, 2, 3)	1	0	682910	761815	31	30
(2, 6, 3)	1	0	778259	944158	49	48
(6, 2, 3)	2	0	957046	786505	44	44
(2, 7, 3)	1	0	827312	811548	53	52
(7, 2, 3)	2	0	663617	773325	36	36
(2, 8, 3)	1	0	594054	139635	17	16
(8, 2, 3)	2	0	898643	701524	36	36
(2, 9, 3)	1	0	779479	499641	41	40
(9, 2, 3)	2	0	395298	740717	31	31
(2, 10, 3)	1	0	839035	951578	50	49
(10, 2, 3)	2	0	721583	661849	25	25
(2, 11, 3)	1	0	706821	656531	31	30
(11, 2, 3)	2	0	827139	756954	31	31
(2, 12, 3)	1	0	705461	432981	27	26
(12, 2, 3)	1	0	36461	450632	10	9
(2, 13, 3)	1	0	772383	332403	38	37
(13, 2, 3)	1	0	8020	385913	8	7
(3, 4, 3)	1	0	109250	123416	15	14
(4, 3, 3)	2	0	836005	731849	57	57
(3, 5, 3)	1	0	18620	100671	5	4
(5, 3, 3)	2	0	896059	839579	58	58
(3, 6, 3)	1	0	337019	853079	30	29
(6, 3, 3)	2	0	976775	790756	58	58
(3, 7, 3)	1	0	33541	55240	9	8
(7, 3, 3)	2	0	545651	363057	31	31
(3, 8, 3)	1	0	32777	64992	11	10
(8, 3, 3)	2	0	292295	171572	18	18
(3, 9, 3)	1	0	19925	70382	11	10
(9, 3, 3)	2	0	384172	419691	31	31
(3, 10, 3)	1	0	32252	144579	7	6
(10, 3, 3)	2	0	770941	413025	24	24
(3, 11, 3)	1	0	32609	80225	12	11
(11, 3, 3)	2	0	631517	357668	24	24
(3, 12, 3)	1	0	146391	218059	19	18
(12, 3, 3)	2	0	652687	504965	44	44
(3, 13, 3)	1	0	421909	180254	26	25
(13, 3, 3)	2	0	150132	399750	31	31
(4, 5, 3)	1	0	25168	102245	5	4
(5, 4, 3)	2	0	713970	301039	23	23
(4, 6, 3)	2	0	724298	906559	37	37
(6, 4, 3)	2	0	983413	688674	64	64
(4, 7, 3)	1	0	24140	55206	8	7
(7, 4, 3)	2	0	377536	353260	20	20
(4, 8, 3)	1	0	24605	68179	13	12
(8, 4, 3)	2	0	204372	154506	15	15
(4, 9, 3)	1	0	23866	70880	11	10
(9, 4, 3)	2	0	281626	415082	25	25
(4, 10, 3)	1	0	24813	110356	8	7
(10, 4, 3)	2	0	749842	398426	27	27
(4, 11, 3)	1	0	24217	79911	8	7
(11, 4, 3)	2	0	671271	643007	30	30
(4, 12, 3)	1	0	304531	206882	21	20
(12, 4, 3)	2	0	568529	605583	44	44
(4, 13, 3)	1	0	305106	134399	25	24
(13, 4, 3)	2	0	312909	354392	26	26
(5, 6, 3)	1	0	894858	901717	45	44
(6, 5, 3)	2	0	955948	883720	50	50
(5, 7, 3)	1	0	774709	515541	37	36
(7, 5, 3)	2	0	569573	850613	36	36
(5, 8, 3)	1	0	539908	373874	30	29
(8, 5, 3)	2	0	427145	662899	24	24
(5, 9, 3)	2	0	523643	162109	14	14
(9, 5, 3)	2	0	266763	723429	21	21
(5, 10, 3)	1	0	392042	493707	18	17
(10, 5, 3)	2	0	517205	476153	18	18
(5, 11, 3)	1	0	897821	855675	39	38
(11, 5, 3)	2	0	596246	641940	24	24
(5, 12, 3)	1	0	957230	656696	46	45
(12, 5, 3)	1	0	36648	112210	5	4
(5, 13, 3)	1	0	595761	123801	33	32
(13, 5, 3)	1	0	6362	98307	5	4
(6, 7, 3)	1	0	439114	403197	18	17
(7, 6, 3)	2	0	457529	809464	24	24
(6, 8, 3)	2	0	949550	641620	52	52
(8, 6, 3)	2	0	198578	318112	11	11
(6, 9, 3)	1	0	208391	172904	21	20
(9, 6, 3)	2	0	338452	814657	31	31
(6, 10, 3)	1	0	775909	805924	38	37
(10, 6, 3)	2	0	813428	789557	29	29
(6, 11, 3)	1	0	960637	930784	48	47
(11, 6, 3)	2	0	663873	786539	32	32
(6, 12, 3)	1	0	808292	375831	30	29
(12, 6, 3)	2	0	435707	710673	22	22
(6, 13, 3)	1	0	330778	3896	14	13
(13, 6, 3)	2	0	299776	919880	39	39
(7, 8, 3)	2	0	566509	487187	32	32
(8, 7, 3)	1	0	646960	482528	30	29
(7, 9, 3)	2	0	668285	415455	38	38
(9, 7, 3)	1	0	219026	338681	28	27
(7, 10, 3)	1	0	423970	720100	25	24
(10, 7, 3)	2	0	436064	242695	16	16
(7, 11, 3)	2	0	340375	366316	17	17
(11, 7, 3)	1	0	371305	402980	19	18
(7, 12, 3)	2	0	558771	432189	32	32
(12, 7, 3)	1	0	36853	53940	10	9
(7, 13, 3)	2	0	800467	658622	52	52
(13, 7, 3)	1	0	7533	54057	9	8
(8, 9, 3)	1	0	529772	389190	31	30
(9, 8, 3)	2	0	374889	397598	35	35
(8, 10, 3)	2	0	239571	353731	15	15
(10, 8, 3)	2	0	883960	488171	30	30
(8, 11, 3)	2	0	507249	640693	20	20
(11, 8, 3)	2	0	570681	238257	26	26
(8, 12, 3)	2	0	268581	154864	17	17
(12, 8, 3)	1	0	36650	68904	11	10
(8, 13, 3)	2	0	247907	44614	18	18
(13, 8, 3)	1	0	6565	65323	11	10
(9, 10, 3)	1	0	376060	862224	38	37
(10, 9, 3)	2	0	767433	195133	23	23
(9, 11, 3)	1	0	346965	795366	31	30
(11, 9, 3)	1	0	431196	157422	18	17
(9, 12, 3)	2	0	338928	505766	32	32
(12, 9, 3)	1	0	37796	71206	11	10
(9, 13, 3)	1	0	308335	274098	30	29
(13, 9, 3)	1	0	8655	70723	11	10
(10, 11, 3)	2	0	772106	521186	22	22
(11, 10, 3)	1	0	414634	637605	17	16
(10, 12, 3)	1	0	404023	187733	22	21
(12, 10, 3)	1	0	37409	100270	12	11
(10, 13, 3)	1	0	651407	155022	18	17
(13, 10, 3)	1	0	9632	162916	10	9
(11, 12, 3)	2	0	818509	607077	46	46
(12, 11, 3)	1	0	36283	37712	9	8
(11, 13, 3)	1	0	215603	4382	14	13
(13, 11, 3)	1	0	7653	79634	9	8
(12, 13, 3)	2	0	517421	340451	35	35
(13, 12, 3)	2	0	271816	473982	25	25
(0, 1, 4)	1	0	154209	638309	15	14
(1, 0, 4)	1	0	865466	743180	42	41
(0, 2, 4)	1	0	131375	588156	16	15
(2, 0, 4)	1	0	787487	596154	44	43
(0, 3, 4)	1	0	280051	331945	24	23
(3, 0, 4)	1	0	339611	358338	32	31
(0, 4, 4)	1	0	33538	30422	10	9
(4, 0, 4)	2	0	793019	770831	48	48
(0, 5, 4)	1	0	172183	525560	14	13
(5, 0, 4)	1	0	834752	436471	32	31
(0, 6, 4)	1	0	203699	754427	24	23
(6, 0, 4)	2	0	816320	293097	27	27
(0, 7, 4)	1	0	132840	197964	15	14
(7, 0, 4)	2	0	451897	252183	23	23
(0, 8, 4)	1	0	160672	277169	23	22
(8, 0, 4)	2	0	187558	97181	14	14
(0, 9, 4)	1	0	208060	217709	22	21
(9, 0, 4)	2	0	417428	554843	38	38
(0, 10, 4)	1	0	90654	306635	14	13
(10, 0, 4)	2	0	666624	106020	20	20
(0, 11, 4)	1	0	147097	401433	14	13
(11, 0, 4)	2	0	331831	99862	15	15
(0, 12, 4)	1	0	227555	407991	25	24
(12, 0, 4)	2	0	416789	282454	26	26
(0, 13, 4)	1	0	150796	74870	17	16
(13, 0, 4)	2	0	92920	210153	17	17
(1, 2, 4)	1	0	926819	850251	48	47
(2, 1, 4)	2	0	775612	780290	32	32
(1, 3, 4)	1	0	892146	801136	41	40
(3, 1, 4)	1	0	119708	476661	11	10
(1, 4, 4)	1	0	741372	510583	26	25
(4, 1, 4)	2	0	587519	768797	26	26
(1, 5, 4)	2	0	950863	869085	48	48
(5, 1, 4)	1	0	456368	537586	13	12
(1, 6, 4)	2	0	784412	756881	29	29
(6, 1, 4)	2	0	909313	824811	45	45
(1, 7, 4)	1	0	661744	411426	23	22
(7, 1, 4)	2	0	451246	696833	23	23
(1, 8, 4)	1	0	489121	322853	20	19
(8, 1, 4)	2	0	189901	288632	14	14
(1, 9, 4)	1	0	748113	355752	29	28
(9, 1, 4)	2	0	260868	679799	22	22
(1, 10, 4)	1	0	277445	259307	13	12
(10, 1, 4)	2	0	680370	658575	24	24
(1, 11, 4)	1	0	286132	179788	11	10
(11, 1, 4)	2	0	648723	650093	25	25
(1, 12, 4)	1	0	615077	309479	24	23
(12, 1, 4)	2	0	474565	704249	29	29
(1, 13, 4)	1	0	422097	35957	20	19
(13, 1, 4)	2	0	59378	438196	16	16
(2, 3, 4)	1	0	771508	788708	50	49
(3, 2, 4)	1	0	192650	605438	17	16
(2, 4, 4)	1	0	506518	31534	14	13
(4, 2, 4)	2	0	749445	775501	41	41
(2, 5, 4)	1	0	450538	304868	9	8
(5, 2, 4)	1	0	542543	588243	16	15
(2, 6, 4)	1	0	768827	649335	33	32
(6, 2, 4)	2	0	936086	774912	36	36
(2, 7, 4)	1	0	624999	389460	22	21
(7, 2, 4)	2	0	645625	747535	37	37
(2, 8, 4)	1	0	597123	207119	18	17
(8, 2, 4)	2	0	312626	586456	16	16
(2, 9, 4)	1	0	780126	501248	41	40
(9, 2, 4)	2	0	447333	760282	34	34
(2, 10, 4)	1	0	668091	727355	26	25
(10, 2, 4)	2	0	769020	725652	30	30
(2, 11, 4)	1	0	458168	179652	12	11
(11, 2, 4)	2	0	927100	766797	42	42
(2, 12, 4)	1	0	749854	644878	48	47
(12, 2, 4)	2	0	724191	820921	58	58
(2, 13, 4)	1	0	631451	106469	26	25
(13, 2, 4)	2	0	119250	666559	22	22
(3, 4, 4)	1	0	21332	31513	12	11
(4, 3, 4)	2	0	388142	408193	29	29
(3, 5, 4)	1	0	249803	515372	15	14
(5, 3, 4)	1	0	930327	655238	43	42
(3, 6, 4)	1	0	117414	607933	26	25
(6, 3, 4)	1	0	690424	512018	34	33
(3, 7, 4)	1	0	211037	338760	22	21
(7, 3, 4)	2	0	313086	206100	21	21
(3, 8, 4)	1	0	114359	214387	20	19
(8, 3, 4)	1	0	669932	683242	32	31
(3, 9, 4)	1	0	209977	231219	23	22
(9, 3, 4)	2	0	404801	541080	33	33
(3, 10, 4)	1	0	104502	363244	19	18
(10, 3, 4)	2	0	537536	181450	22	22
(3, 11, 4)	1	0	113751	347754	16	15
(11, 3, 4)	2	0	756710	422792	31	31
(3, 12, 4)	1	0	247415	384040	24	23
(12, 3, 4)	2	0	381928	280118	27	27
(3, 13, 4)	1	0	212018	92837	31	30
(13, 3, 4)	2	0	320104	394446	28	28
(4, 5, 4)	2	0	948059	960536	80	80
(5, 4, 4)	1	0	175198	32273	12	11
(4, 6, 4)	2	0	525377	722311	27	27
(6, 4, 4)	1	0	351291	89848	15	14
(4, 7, 4)	1	0	109282	190228	28	27
(7, 4, 4)	1	0	54339	30499	10	9
(4, 8, 4)	1	0	349484	433509	24	23
(8, 4, 4)	1	0	631044	714322	35	34
(4, 9, 4)	1	0	266673	278041	25	24
(9, 4, 4)	1	0	232222	472504	23	22
(4, 10, 4)	1	0	248987	416195	16	15
(10, 4, 4)	1	0	511521	199052	20	19
(4, 11, 4)	1	0	497109	719626	32	31
(11, 4, 4)	2	0	584307	341296	22	22
(4, 12, 4)	1	0	416159	353100	30	29
(12, 4, 4)	1	0	99723	30791	9	8
(4, 13, 4)	1	0	369782	69682	27	26
(13, 4, 4)	2	0	219400	508477	38	38
(5, 6, 4)	1	0	888920	857142	36	35
(6, 5, 4)	2	0	889482	695540	31	31
(5, 7, 4)	1	0	743741	352847	25	24
(7, 5, 4)	2	0	584282	815180	37	37
(5, 8, 4)	1	0	381421	229577	18	17
(8, 5, 4)	2	0	253398	432345	20	20
(5, 9, 4)	2	0	979491	681155	77	77
(9, 5, 4)	2	0	583857	964798	45	45
(5, 10, 4)	1	0	418648	324304	27	26
(10, 5, 4)	1	0	962640	886556	50	49
(5, 11, 4)	1	0	392160	407006	19	18
(11, 5, 4)	2	0	880074	887384	37	37
(5, 12, 4)	1	0	614435	273715	26	25
(12, 5, 4)	2	0	834921	979788	63	63
(5, 13, 4)	1	0	313975	88691	19	18
(13, 5, 4)	1	0	85656	258928	8	7
(6, 7, 4)	1	0	671929	436083	26	25
(7, 6, 4)	2	0	292592	459404	21	21
(6, 8, 4)	1	0	480316	204060	14	13
(8, 6, 4)	2	0	168058	426153	10	10
(6, 9, 4)	1	0	531217	159511	19	18
(9, 6, 4)	2	0	388405	905124	32	32
(6, 10, 4)	1	0	750186	655833	29	28
(10, 6, 4)	2	0	655607	377601	19	19
(6, 11, 4)	1	0	320473	179100	11	10
(11, 6, 4)	2	0	333505	377119	18	18
(6, 12, 4)	1	0	884083	536827	38	37
(12, 6, 4)	2	0	385752	663678	26	26
(6, 13, 4)	1	0	445561	107893	20	19
(13, 6, 4)	2	0	74329	571329	25	25
(7, 8, 4)	2	0	419733	315549	24	24
(8, 7, 4)	1	0	606846	502821	38	37
(7, 9, 4)	2	0	375732	168708	27	27
(9, 7, 4)	1	0	244789	457531	23	22
(7, 10, 4)	1	0	98626	151751	12	11
(10, 7, 4)	2	0	542929	306238	19	19
(7, 11, 4)	1	0	258009	399558	16	15
(11, 7, 4)	2	0	507768	327803	22	22
(7, 12, 4)	1	0	427646	400152	26	25
(12, 7, 4)	2	0	395613	410232	28	28
(7, 13, 4)	1	0	297015	73538	25	24
(13, 7, 4)	2	0	436955	596016	33	33
(8, 9, 4)	1	0	480694	316406	26	25
(9, 8, 4)	2	0	428575	771628	32	32
(8, 10, 4)	2	0	175425	399050	15	15
(10, 8, 4)	2	0	554955	277497	18	18
(8, 11, 4)	2	0	319233	665382	25	25
(11, 8, 4)	2	0	877853	438515	33	33
(8, 12, 4)	1	0	256467	334708	22	21
(12, 8, 4)	1	0	206939	252207	16	15
(8, 13, 4)	2	0	230145	186674	16	16
(13, 8, 4)	2	0	743920	900079	47	47
(9, 10, 4)	1	0	365907	828417	39	38
(10, 9, 4)	1	0	714855	397963	30	29
(9, 11, 4)	2	0	189514	453882	19	19
(11, 9, 4)	2	0	286200	147987	17	17
(9, 12, 4)	1	0	286828	506119	33	32
(12, 9, 4)	1	0	194104	200804	16	15
(9, 13, 4)	2	0	633417	906633	65	65
(13, 9, 4)	2	0	50409	148842	20	20
(10, 11, 4)	2	0	629299	497642	19	19
(11, 10, 4)	1	0	378845	568844	18	17
(10, 12, 4)	1	0	734379	363367	32	31
(12, 10, 4)	1	0	108511	170149	14	13
(10, 13, 4)	1	0	683542	273632	25	24
(13, 10, 4)	1	0	86821	360097	22	21
(11, 12, 4)	2	0	419740	261200	21	21
(12, 11, 4)	1	0	117382	179797	13	12
(11, 13, 4)	2	0	454734	100801	18	18
(13, 11, 4)	2	0	46554	418845	20	20
(12, 13, 4)	1	0	224739	156473	26	25
(13, 12, 4)	2	0	229157	371917	29	29
(0, 1, 5)	2	0	748390	847335	47	47
(1, 0, 5)	1	0	836898	798922	45	44
(0, 2, 5)	2	0	815356	804948	48	48
(2, 0, 5)	1	0	876899	846492	68	67
(0, 3, 5)	2	0	767831	636744	49	49
(3, 0, 5)	1	0	452709	687512	45	44
(0, 4, 5)	1	0	571054	482716	39	38
(4, 0, 5)	2	0	404394	222264	28	28
(0, 5, 5)	2	0	853803	985890	81	81
(5, 0, 5)	1	0	935444	803572	51	50
(0, 6, 5)	1	0	389220	856768	36	35
(6, 0, 5)	1	0	988467	866398	93	92
(0, 7, 5)	1	0	180152	498557	33	32
(7, 0, 5)	2	0	396073	291579	22	22
(0, 8, 5)	1	0	266858	275546	12	11
(8, 0, 5)	1	0	933304	824631	54	53
(0, 9, 5)	1	0	253849	256625	26	25
(9, 0, 5)	2	0	191213	183051	19	19
(0, 10, 5)	2	0	639668	784304	36	36
(10, 0, 5)	2	0	551305	197417	19	19
(0, 11, 5)	1	0	122285	353194	14	13
(11, 0, 5)	2	0	651177	254548	22	22
(0, 12, 5)	1	0	263891	449696	31	30
(12, 0, 5)	2	0	377719	271174	25	25
(0, 13, 5)	1	0	200237	79708	18	17
(13, 0, 5)	2	0	161348	255441	22	22
(1, 2, 5)	1	0	634278	709891	25	24
(2, 1, 5)	1	0	887525	973467	60	59
(1, 3, 5)	1	0	921286	748411	49	48
(3, 1, 5)	1	0	613931	907068	42	41
(1, 4, 5)	1	0	907534	638051	36	35
(4, 1, 5)	2	0	664912	781613	33	33
(1, 5, 5)	1	0	907804	884961	38	37
(5, 1, 5)	2	0	892296	915209	48	48
(1, 6, 5)	1	0	775329	928259	34	33
(6, 1, 5)	2	0	801107	730745	27	27
(1, 7, 5)	1	0	710895	433378	24	23
(7, 1, 5)	2	0	741261	891256	45	45
(1, 8, 5)	1	0	580751	338491	22	21
(8, 1, 5)	2	0	264031	491498	13	13
(1, 9, 5)	1	0	812517	344806	27	26
(9, 1, 5)	2	0	389209	803001	29	29
(1, 10, 5)	1	0	779311	803572	33	32
(10, 1, 5)	2	0	880151	904832	42	42
(1, 11, 5)	1	0	745543	633511	24	23
(11, 1, 5)	2	0	693433	754223	24	24
(1, 12, 5)	1	0	787695	539291	34	33
(12, 1, 5)	2	0	634157	884670	43	43
(1, 13, 5)	1	0	788130	182161	36	35
(13, 1, 5)	2	0	585916	871205	42	42
(2, 3, 5)	2	0	719578	354823	25	25
(3, 2, 5)	1	0	606360	800639	37	36
(2, 4, 5)	1	0	857198	898565	68	67
(4, 2, 5)	1	0	477328	746210	29	28
(2, 5, 5)	1	0	799025	938340	45	44
(5, 2, 5)	2	0	701742	698636	24	24
(2, 6, 5)	1	0	752763	893163	36	35
(6, 2, 5)	2	0	943266	736206	42	42
(2, 7, 5)	1	0	662457	454185	28	27
(7, 2, 5)	2	0	481259	735157	30	30
(2, 8, 5)	1	0	684598	540582	22	21
(8, 2, 5)	2	0	756800	768917	33	33
(2, 9, 5)	1	0	683917	310594	25	24
(9, 2, 5)	2	0	315419	704195	32	32
(2, 10, 5)	1	0	768327	871739	37	36
(10, 2, 5)	2	0	916273	779475	47	47
(2, 11, 5)	1	0	749665	712682	30	29
(11, 2, 5)	2	0	807067	719674	31	31
(2, 12, 5)	1	0	884929	847943	84	83
(12, 2, 5)	2	0	452639	716007	29	29
(2, 13, 5)	1	0	679597	65026	30	29
(13, 2, 5)	2	0	276551	732462	40	40
(3, 4, 5)	1	0	426428	598904	34	33
(4, 3, 5)	2	0	443076	383856	31	31
(3, 5, 5)	1	0	431700	697808	26	25
(5, 3, 5)	2	0	761212	490578	25	25
(3, 6, 5)	1	0	480140	822330	39	38
(6, 3, 5)	2	0	651821	264102	25	25
(3, 7, 5)	1	0	229344	308461	21	20
(7, 3, 5)	2	0	498128	290336	33	33
(3, 8, 5)	1	0	112832	164332	13	12
(8, 3, 5)	2	0	232800	266563	12	12
(3, 9, 5)	1	0	472196	349856	31	30
(9, 3, 5)	2	0	153429	145552	13	13
(3, 10, 5)	1	0	162104	500492	18	17
(10, 3, 5)	2	0	569848	322554	18	18
(3, 11, 5)	1	0	376040	712051	30	29
(11, 3, 5)	2	0	420838	176203	12	12
(3, 12, 5)	1	0	624905	557119	39	38
(12, 3, 5)	2	0	333742	192770	24	24
(3, 13, 5)	1	0	465820	249245	40	39
(13, 3, 5)	2	0	189861	306586	30	30
(4, 5, 5)	2	0	705253	830205	40	40
(5, 4, 5)	2	0	974731	944424	73	73
(4, 6, 5)	1	0	222099	620016	23	22
(6, 4, 5)	2	0	822535	303675	27	27
(4, 7, 5)	1	0	421368	445962	36	35
(7, 4, 5)	2	0	569083	425160	32	32
(4, 8, 5)	2	0	426488	519092	28	28
(8, 4, 5)	2	0	336223	349853	21	21
(4, 9, 5)	1	0	519397	342827	32	31
(9, 4, 5)	2	0	166525	120050	18	18
(4, 10, 5)	1	0	278949	675122	22	21
(10, 4, 5)	1	0	856861	709844	40	39
(4, 11, 5)	1	0	338770	553777	27	26
(11, 4, 5)	2	0	427581	155082	14	14
(4, 12, 5)	1	0	222522	215410	27	26
(12, 4, 5)	2	0	328031	184691	23	23
(4, 13, 5)	1	0	485995	160503	35	34
(13, 4, 5)	2	0	178958	217011	25	25
(5, 6, 5)	1	0	899692	891278	35	34
(6, 5, 5)	2	0	875183	775869	32	32
(5, 7, 5)	1	0	886771	600709	42	41
(7, 5, 5)	2	0	376418	341524	29	29
(5, 8, 5)	1	0	577602	444034	25	24
(8, 5, 5)	1	0	610835	818114	35	34
(5, 9, 5)	1	0	728396	300171	27	26
(9, 5, 5)	2	0	597429	967091	51	51
(5, 10, 5)	1	0	631498	632014	25	24
(10, 5, 5)	2	0	774576	690950	32	32
(5, 11, 5)	1	0	728181	656906	30	29
(11, 5, 5)	2	0	492727	515204	17	17
(5, 12, 5)	1	0	798074	560926	29	28
(12, 5, 5)	2	0	589723	862645	35	35
(5, 13, 5)	1	0	819229	369628	42	41
(13, 5, 5)	2	0	356959	696817	31	31
(6, 7, 5)	1	0	404137	426462	23	22
(7, 6, 5)	1	0	373905	829947	27	26
(6, 8, 5)	2	0	930216	715286	39	39
(8, 6, 5)	1	0	355988	819260	30	29
(6, 9, 5)	1	0	788627	334534	29	28
(9, 6, 5)	2	0	521119	939722	47	47
(6, 10, 5)	1	0	819061	715276	31	30
(10, 6, 5)	2	0	891252	840683	30	30
(6, 11, 5)	1	0	529979	374323	22	21
(11, 6, 5)	2	0	747530	907640	29	29
(6, 12, 5)	1	0	895382	588362	38	37
(12, 6, 5)	2	0	349243	459469	21	21
(6, 13, 5)	1	0	635560	128878	18	17
(13, 6, 5)	2	0	102667	572347	24	24
(7, 8, 5)	1	0	273758	98831	14	13
(8, 7, 5)	2	0	218970	273959	14	14
(7, 9, 5)	2	0	895829	601968	73	73
(9, 7, 5)	1	0	309374	603070	41	40
(7, 10, 5)	1	0	498112	803268	26	25
(10, 7, 5)	1	0	461566	354861	19	18
(7, 11, 5)	1	0	432328	582613	19	18
(11, 7, 5)	1	0	395885	354861	19	18
(7, 12, 5)	1	0	649079	558383	35	34
(12, 7, 5)	2	0	610968	628812	40	40
(7, 13, 5)	1	0	265019	28734	14	13
(13, 7, 5)	2	0	50153	273952	15	15
(8, 9, 5)	1	0	907506	484640	46	45
(9, 8, 5)	2	0	205854	247482	21	21
(8, 10, 5)	2	0	177393	386821	13	13
(10, 8, 5)	2	0	841256	464127	34	34
(8, 11, 5)	1	0	292234	525831	23	22
(11, 8, 5)	2	0	728268	523530	30	30
(8, 12, 5)	1	0	967207	672833	55	54
(12, 8, 5)	1	0	460895	317248	23	22
(8, 13, 5)	2	0	214057	76320	14	14
(13, 8, 5)	2	0	302959	567336	38	38
(9, 10, 5)	1	0	99711	614122	22	21
(10, 9, 5)	2	0	549321	160635	23	23
(9, 11, 5)	1	0	356385	756286	34	33
(11, 9, 5)	2	0	669100	291103	24	24
(9, 12, 5)	2	0	192062	214857	17	17
(12, 9, 5)	2	0	661583	399911	41	41
(9, 13, 5)	1	0	208589	95407	26	25
(13, 9, 5)	1	0	430028	463092	35	34
(10, 11, 5)	1	0	761305	813678	38	37
(11, 10, 5)	2	0	889261	792550	40	40
(10, 12, 5)	2	0	502230	241834	17	17
(12, 10, 5)	2	0	552193	775203	38	38
(10, 13, 5)	2	0	614681	137673	25	25
(13, 10, 5)	2	0	366519	559569	26	26
(11, 12, 5)	1	0	541428	284333	17	16
(12, 11, 5)	1	0	389579	567397	21	20
(11, 13, 5)	1	0	738113	253859	42	41
(13, 11, 5)	2	0	130316	599838	30	30
(12, 13, 5)	1	0	778852	990539	67	66
(13, 12, 5)	2	0	126506	331648	20	20
(0, 1, 6)	1	0	769630	934850	49	48
(1, 0, 6)	1	0	874447	805417	45	44
(0, 2, 6)	1	0	248690	676527	22	21
(2, 0, 6)	1	0	878095	848109	62	61
(0, 3, 6)	2	0	825310	708327	53	53
(3, 0, 6)	1	0	473335	611170	37	36
(0, 4, 6)	1	0	348146	574979	28	27
(4, 0, 6)	2	0	610140	264184	28	28
(0, 5, 6)	1	0	184838	491032	19	18
(5, 0, 6)	1	0	882327	823600	57	56
(0, 6, 6)	1	0	223212	747224	29	28
(6, 0, 6)	2	0	950916	591896	40	40
(0, 7, 6)	1	0	134710	200781	17	16
(7, 0, 6)	2	0	257441	108791	18	18
(0, 8, 6)	1	0	784564	733425	58	57
(8, 0, 6)	2	0	626175	258525	25	25
(0, 9, 6)	1	0	529894	369629	36	35
(9, 0, 6)	2	0	303591	251345	25	25
(0, 10, 6)	1	0	379992	860302	33	32
(10, 0, 6)	2	0	730318	255074	26	26
(0, 11, 6)	1	0	249449	707282	24	23
(11, 0, 6)	2	0	545728	357248	19	19
(0, 12, 6)	1	0	396500	544966	36	35
(12, 0, 6)	2	0	547157	378288	32	32
(0, 13, 6)	1	0	59892	16778	10	9
(13, 0, 6)	2	0	99244	349253	38	38
(1, 2, 6)	2	0	947890	846565	46	46
(2, 1, 6)	2	0	775918	823507	32	32
(1, 3, 6)	2	0	828190	320626	26	26
(3, 1, 6)	1	0	455424	767788	23	22
(1, 4, 6)	1	0	936565	763894	45	44
(4, 1, 6)	1	0	303309	744864	24	23
(1, 5, 6)	1	0	849833	762692	29	28
(5, 1, 6)	2	0	874821	945095	41	41
(1, 6, 6)	1	0	798050	931942	35	34
(6, 1, 6)	2	0	959090	894494	46	46
(1, 7, 6)	1	0	689173	452671	29	28
(7, 1, 6)	2	0	515388	729416	29	29
(1, 8, 6)	1	0	804598	331643	30	29
(8, 1, 6)	2	0	681002	752586	29	29
(1, 9, 6)	1	0	913815	514830	42	41
(9, 1, 6)	2	0	346257	756141	27	27
(1, 10, 6)	1	0	709722	686285	26	25
(10, 1, 6)	1	0	795349	774536	29	28
(1, 11, 6)	1	0	853264	876737	38	37
(11, 1, 6)	2	0	811225	922017	40	40
(1, 12, 6)	1	0	644464	269588	24	23
(12, 1, 6)	2	0	496892	768843	34	34
(1, 13, 6)	1	0	225746	16458	10	9
(13, 1, 6)	2	0	828720	892427	48	48
(2, 3, 6)	2	0	605463	331510	16	16
(3, 2, 6)	1	0	520357	719722	26	25
(2, 4, 6)	1	0	801618	795586	47	46
(4, 2, 6)	2	0	801546	812567	44	44
(2, 5, 6)	1	0	762852	728710	31	30
(5, 2, 6)	2	0	660929	674224	21	21
(2, 6, 6)	1	0	675200	758216	28	27
(6, 2, 6)	2	0	882967	742131	37	37
(2, 7, 6)	1	0	730695	509793	35	34
(7, 2, 6)	2	0	762557	789883	59	59
(2, 8, 6)	1	0	449991	81491	10	9
(8, 2, 6)	2	0	382837	549522	13	13
(2, 9, 6)	1	0	752783	411352	38	37
(9, 2, 6)	2	0	323187	650717	27	27
(2, 10, 6)	1	0	746518	889940	34	33
(10, 2, 6)	2	0	908747	804471	41	41
(2, 11, 6)	1	0	615420	443912	20	19
(11, 2, 6)	2	0	437859	665167	21	21
(2, 12, 6)	1	0	739876	534090	37	36
(12, 2, 6)	2	0	695072	848947	58	58
(2, 13, 6)	1	0	697819	290142	34	33
(13, 2, 6)	2	0	263256	771112	43	43
(3, 4, 6)	1	0	610688	653383	37	36
(4, 3, 6)	2	0	662303	635596	40	40
(3, 5, 6)	1	0	511322	743488	27	26
(5, 3, 6)	2	0	647691	425883	24	24
(3, 6, 6)	1	0	234438	636181	31	30
(6, 3, 6)	2	0	948515	564655	39	39
(3, 7, 6)	1	0	463556	601812	39	38
(7, 3, 6)	2	0	323185	170711	26	26
(3, 8, 6)	1	0	460812	306761	21	20
(8, 3, 6)	2	0	299417	297870	16	16
(3, 9, 6)	1	0	374676	230949	21	20
(9, 3, 6)	2	0	483245	497980	50	50
(3, 10, 6)	1	0	247483	664492	21	20
(10, 3, 6)	2	0	654802	368979	25	25
(3, 11, 6)	1	0	236056	705029	29	28
(11, 3, 6)	2	0	812909	423263	32	32
(3, 12, 6)	1	0	148266	266804	23	22
(12, 3, 6)	2	0	648062	533667	48	48
(3, 13, 6)	1	0	343246	85524	23	22
(13, 3, 6)	2	0	408380	387317	30	30
(4, 5, 6)	1	0	307652	478362	17	16
(5, 4, 6)	1	0	988650	920981	74	73
(4, 6, 6)	1	0	225891	600407	27	26
(6, 4, 6)	2	0	979143	740452	55	55
(4, 7, 6)	2	0	811199	747847	40	40
(7, 4, 6)	2	0	296103	216498	27	27
(4, 8, 6)	1	0	137821	215274	19	18
(8, 4, 6)	2	0	440555	429734	18	18
(4, 9, 6)	1	0	496025	269237	25	24
(9, 4, 6)	2	0	338391	432649	35	35
(4, 10, 6)	1	0	599463	841672	37	36
(10, 4, 6)	2	0	741244	291779	27	27
(4, 11, 6)	1	0	440585	634331	25	24
(11, 4, 6)	2	0	917428	672753	45	45
(4, 12, 6)	1	0	136037	196933	17	16
(12, 4, 6)	1	0	595733	479025	40	39
(4, 13, 6)	1	0	326656	114090	37	36
(13, 4, 6)	2	0	223454	396267	43	43
(5, 6, 6)	1	0	766917	692484	32	31
(6, 5, 6)	2	0	898273	731561	37	37
(5, 7, 6)	1	0	689327	453059	34	33
(7, 5, 6)	2	0	420380	676537	29	29
(5, 8, 6)	1	0	303475	84526	10	9
(8, 5, 6)	2	0	561485	542819	18	18
(5, 9, 6)	1	0	995273	764250	76	75
(9, 5, 6)	2	0	326542	820003	44	44
(5, 10, 6)	1	0	766958	743792	30	29
(10, 5, 6)	2	0	792645	726300	36	36
(5, 11, 6)	1	0	662932	642123	21	20
(11, 5, 6)	2	0	547838	468198	25	25
(5, 12, 6)	1	0	845294	562580	38	37
(12, 5, 6)	2	0	663608	861109	54	54
(5, 13, 6)	1	0	736167	413928	35	34
(13, 5, 6)	2	0	204849	617452	25	25
(6, 7, 6)	1	0	887648	672568	40	39
(7, 6, 6)	2	0	465191	621246	23	23
(6, 8, 6)	1	0	477443	191779	15	14
(8, 6, 6)	1	0	600157	807223	29	28
(6, 9, 6)	1	0	912590	467368	37	36
(9, 6, 6)	2	0	374707	850331	33	33
(6, 10, 6)	1	0	985235	963551	59	58
(10, 6, 6)	1	0	683162	818847	29	28
(6, 11, 6)	1	0	864105	712564	32	31
(11, 6, 6)	2	0	773843	920789	32	32
(6, 12, 6)	1	0	534943	266407	25	24
(12, 6, 6)	2	0	141176	415553	21	21
(6, 13, 6)	1	0	649911	26869	15	14
(13, 6, 6)	2	0	262366	872947	43	43
(7, 8, 6)	2	0	216038	129768	20	20
(8, 7, 6)	1	0	652613	614346	36	35
(7, 9, 6)	2	0	265033	134730	19	19
(9, 7, 6)	2	0	373207	568187	31	31
(7, 10, 6)	2	0	467499	606915	26	26
(10, 7, 6)	2	0	851931	621343	33	33
(7, 11, 6)	1	0	625894	789974	32	31
(11, 7, 6)	2	0	358156	241784	17	17
(7, 12, 6)	2	0	365723	257823	25	25
(12, 7, 6)	2	0	622507	634609	36	36
(7, 13, 6)	1	0	106968	4629	8	7
(13, 7, 6)	2	0	272538	676418	36	36
(8, 9, 6)	2	0	420096	129301	16	16
(9, 8, 6)	2	0	403072	527731	30	30
(8, 10, 6)	1	0	685922	841757	35	34
(10, 8, 6)	2	0	732159	576222	31	31
(8, 11, 6)	1	0	665364	739650	27	26
(11, 8, 6)	1	0	665579	432694	25	24
(8, 12, 6)	1	0	279080	202889	20	19
(12, 8, 6)	1	0	493481	418076	32	31
(8, 13, 6)	2	0	452046	73573	19	19
(13, 8, 6)	2	0	64077	223548	29	29
(9, 10, 6)	1	0	230163	759246	24	23
(10, 9, 6)	1	0	783949	305779	30	29
(9, 11, 6)	1	0	144955	545319	22	21
(11, 9, 6)	2	0	934581	498584	48	48
(9, 12, 6)	2	0	236676	313634	19	19
(12, 9, 6)	1	0	600270	349330	37	36
(9, 13, 6)	1	0	54695	16923	10	9
(13, 9, 6)	2	0	466136	292337	38	38
(10, 11, 6)	1	0	659727	614355	21	20
(11, 10, 6)	1	0	141464	224803	13	12
(10, 12, 6)	1	0	696887	439302	23	22
(12, 10, 6)	2	0	729855	910030	47	47
(10, 13, 6)	1	0	268571	27907	22	21
(13, 10, 6)	2	0	45668	438320	27	27
(11, 12, 6)	1	0	799016	564069	36	35
(12, 11, 6)	2	0	139987	344711	20	20
(11, 13, 6)	2	0	731501	78409	33	33
(13, 11, 6)	2	0	358212	661659	37	37
(12, 13, 6)	1	0	147593	16537	10	9
(13, 12, 6)	1	0	498031	627593	41	40
(0, 1, 7)	2	0	849491	902787	44	44
(1, 0, 7)	1	0	726337	706049	39	38
(0, 2, 7)	2	0	839581	778810	44	44
(2, 0, 7)	1	0	754811	835428	41	40
(0, 3, 7)	2	0	765455	371087	34	34
(3, 0, 7)	1	0	500474	807636	34	33
(0, 4, 7)	2	0	863511	804943	65	65
(4, 0, 7)	2	0	603479	314318	25	25
(0, 5, 7)	2	0	595175	643700	35	35
(5, 0, 7)	2	0	602403	762457	33	33
(0, 6, 7)	2	0	860589	974716	65	65
(6, 0, 7)	1	0	923871	845485	43	42
(0, 7, 7)	1	0	637202	561995	30	29
(7, 0, 7)	2	0	308408	255210	20	20
(0, 8, 7)	2	0	827997	818025	43	43
(8, 0, 7)	2	0	421091	340239	19	19
(0, 9, 7)	1	0	311532	168353	18	17
(9, 0, 7)	2	0	118843	126142	15	15
(0, 10, 7)	1	0	427359	773434	28	27
(10, 0, 7)	2	0	234654	154354	10	10
(0, 11, 7)	1	0	181038	264147	20	19
(11, 0, 7)	2	0	281747	71682	15	15
(0, 12, 7)	1	0	833181	696638	54	53
(12, 0, 7)	2	0	123300	38470	13	13
(0, 13, 7)	1	0	276250	162011	24	23
(13, 0, 7)	2	0	48109	154090	13	13
(1, 2, 7)	1	0	753421	737698	28	27
(2, 1, 7)	2	0	650730	447670	19	19
(1, 3, 7)	1	0	845235	810909	46	45
(3, 1, 7)	1	0	346538	833920	26	25
(1, 4, 7)	1	0	754413	581605	29	28
(4, 1, 7)	2	0	488856	794903	29	29
(1, 5, 7)	1	0	880119	717191	40	39
(5, 1, 7)	1	0	585344	881673	32	31
(1, 6, 7)	2	0	839082	761041	31	31
(6, 1, 7)	2	0	914090	824088	39	39
(1, 7, 7)	1	0	846981	575511	35	34
(7, 1, 7)	2	0	627055	852326	41	41
(1, 8, 7)	1	0	557054	401072	24	23
(8, 1, 7)	2	0	658515	715770	26	26
(1, 9, 7)	1	0	288970	76546	13	12
(9, 1, 7)	2	0	161481	605052	22	22
(1, 10, 7)	1	0	623283	542983	20	19
(10, 1, 7)	2	0	488302	493525	17	17
(1, 11, 7)	1	0	661298	627903	21	20
(11, 1, 7)	2	0	156000	226683	10	10
(1, 12, 7)	1	0	677742	363699	38	37
(12, 1, 7)	2	0	376958	603407	21	21
(1, 13, 7)	1	0	755101	440658	33	32
(13, 1, 7)	2	0	171847	710813	32	32
(2, 3, 7)	2	0	664033	152897	20	20
(3, 2, 7)	1	0	177329	676636	22	21
(2, 4, 7)	1	0	781727	641847	39	38
(4, 2, 7)	2	0	326925	635850	20	20
(2, 5, 7)	1	0	754226	681420	36	35
(5, 2, 7)	2	0	614248	719949	27	27
(2, 6, 7)	2	0	650748	280932	19	19
(6, 2, 7)	1	0	982720	888296	61	60
(2, 7, 7)	1	0	611192	184711	19	18
(7, 2, 7)	2	0	795555	761510	48	48
(2, 8, 7)	2	0	709884	403725	24	24
(8, 2, 7)	2	0	299673	502639	12	12
(2, 9, 7)	1	0	721616	353799	28	27
(9, 2, 7)	2	0	157890	592726	19	19
(2, 10, 7)	1	0	723187	841071	31	30
(10, 2, 7)	2	0	494233	662152	20	20
(2, 11, 7)	1	0	630318	568627	20	19
(11, 2, 7)	2	0	154681	397874	9	9
(2, 12, 7)	1	0	766394	553064	37	36
(12, 2, 7)	2	0	481043	737170	39	39
(2, 13, 7)	1	0	767558	151900	32	31
(13, 2, 7)	2	0	914338	759247	42	42
(3, 4, 7)	1	0	627786	593472	40	39
(4, 3, 7)	2	0	523479	501592	32	32
(3, 5, 7)	1	0	466557	618435	26	25
(5, 3, 7)	2	0	537744	551535	38	38
(3, 6, 7)	1	0	214922	538252	21	20
(6, 3, 7)	2	0	617681	106766	27	27
(3, 7, 7)	1	0	212241	398404	20	19
(7, 3, 7)	2	0	622544	591681	39	39
(3, 8, 7)	1	0	121616	536945	23	22
(8, 3, 7)	2	0	221520	182722	18	18
(3, 9, 7)	1	0	66783	155301	13	12
(9, 3, 7)	2	0	240808	290375	23	23
(3, 10, 7)	1	0	260440	545427	24	23
(10, 3, 7)	2	0	829944	491059	29	29
(3, 11, 7)	1	0	112516	262206	18	17
(11, 3, 7)	2	0	407184	70067	16	16
(3, 12, 7)	1	0	229964	257994	24	23
(12, 3, 7)	2	0	125124	36309	14	14
(3, 13, 7)	1	0	144166	113640	22	21
(13, 3, 7)	2	0	704543	574234	50	50
(4, 5, 7)	2	0	781464	862401	52	52
(5, 4, 7)	2	0	513015	465807	23	23
(4, 6, 7)	2	0	695245	897703	37	37
(6, 4, 7)	2	0	822740	341400	33	33
(4, 7, 7)	1	0	154357	294104	20	19
(7, 4, 7)	2	0	569704	371587	38	38
(4, 8, 7)	2	0	791445	897429	50	50
(8, 4, 7)	1	0	444452	325421	23	22
(4, 9, 7)	1	0	251279	206849	26	25
(9, 4, 7)	2	0	116164	98215	18	18
(4, 10, 7)	1	0	276809	575405	21	20
(10, 4, 7)	2	0	286363	74076	12	12
(4, 11, 7)	1	0	87797	318114	12	11
(11, 4, 7)	2	0	316205	214678	16	16
(4, 12, 7)	1	0	235456	359388	34	33
(12, 4, 7)	2	0	122478	91677	20	20
(4, 13, 7)	1	0	828986	999983	71	70
(13, 4, 7)	2	0	246387	227430	23	23
(5, 6, 7)	1	0	397790	417269	26	25
(6, 5, 7)	1	0	867956	721170	33	32
(5, 7, 7)	2	0	626881	573610	32	32
(7, 5, 7)	2	0	596760	904929	37	37
(5, 8, 7)	1	0	432539	521424	29	28
(8, 5, 7)	2	0	983660	810786	53	53
(5, 9, 7)	1	0	225035	100569	15	14
(9, 5, 7)	2	0	177344	362087	18	18
(5, 10, 7)	1	0	413916	681198	20	19
(10, 5, 7)	2	0	472334	352618	18	18
(5, 11, 7)	1	0	553082	738211	42	41
(11, 5, 7)	2	0	158895	58579	12	12
(5, 12, 7)	1	0	628168	582997	51	50
(12, 5, 7)	2	0	519579	780613	30	30
(5, 13, 7)	1	0	424436	257439	37	36
(13, 5, 7)	2	0	357827	697859	40	40
(6, 7, 7)	1	0	303811	317545	21	20
(7, 6, 7)	2	0	402225	628439	28	28
(6, 8, 7)	1	0	580520	404965	21	20
(8, 6, 7)	2	0	252258	359310	19	19
(6, 9, 7)	1	0	618082	251644	20	19
(9, 6, 7)	1	0	305216	888862	44	43
(6, 10, 7)	2	0	927305	815617	40	40
(10, 6, 7)	2	0	737697	676111	26	26
(6, 11, 7)	1	0	332785	454895	15	14
(11, 6, 7)	2	0	625199	640127	19	19
(6, 12, 7)	1	0	529481	284420	24	23
(12, 6, 7)	2	0	209129	310196	15	15
(6, 13, 7)	2	0	905103	372918	32	32
(13, 6, 7)	2	0	177585	708048	29	29
(7, 8, 7)	2	0	576626	662503	38	38
(8, 7, 7)	2	0	352781	217572	14	14
(7, 9, 7)	1	0	731892	534850	50	49
(9, 7, 7)	2	0	127575	132304	15	15
(7, 10, 7)	2	0	485996	756307	28	28
(10, 7, 7)	2	0	259635	74730	12	12
(7, 11, 7)	2	0	351310	450247	24	24
(11, 7, 7)	2	0	278553	127033	13	13
(7, 12, 7)	1	0	431125	437099	29	28
(12, 7, 7)	2	0	114224	137072	15	15
(7, 13, 7)	2	0	484217	234934	25	25
(13, 7, 7)	2	0	841939	678480	45	45
(8, 9, 7)	1	0	266727	198236	18	17
(9, 8, 7)	2	0	441937	789852	37	37
(8, 10, 7)	2	0	199246	213101	9	9
(10, 8, 7)	2	0	672033	599763	29	29
(8, 11, 7)	2	0	246799	305621	12	12
(11, 8, 7)	2	0	594278	346143	30	30
(8, 12, 7)	1	0	342601	210119	25	24
(12, 8, 7)	2	0	433593	646032	32	32
(8, 13, 7)	2	0	246357	27211	12	12
(13, 8, 7)	2	0	59130	223515	27	27
(9, 10, 7)	1	0	133776	542577	18	17
(10, 9, 7)	2	0	613296	184882	22	22
(9, 11, 7)	1	0	507293	958155	57	56
(11, 9, 7)	2	0	372825	63521	13	13
(9, 12, 7)	2	0	227496	287400	26	26
(12, 9, 7)	1	0	376864	283488	28	27
(9, 13, 7)	2	0	176121	528524	20	20
(13, 9, 7)	2	0	745970	275513	34	34
(10, 11, 7)	1	0	394702	379027	12	11
(11, 10, 7)	2	0	643546	780760	31	31
(10, 12, 7)	1	0	768507	488222	37	36
(12, 10, 7)	2	0	139515	258015	17	17
(10, 13, 7)	2	0	414427	35815	13	13
(13, 10, 7)	1	0	138902	706284	25	24
(11, 12, 7)	2	0	550072	110576	20	20
(12, 11, 7)	2	0	111220	262884	13	13
(11, 13, 7)	2	0	678667	194519	25	25
(13, 11, 7)	1	0	26539	379151	17	16
(12, 13, 7)	2	0	236863	265254	19	19
(13, 12, 7)	2	0	38932	130302	15	15
(0, 1, 8)	1	0	520775	848176	31	30
(1, 0, 8)	1	0	936758	839480	60	59
(0, 2, 8)	2	0	816087	796131	44	44
(2, 0, 8)	1	0	820771	830883	49	48
(0, 3, 8)	2	0	757712	518885	34	34
(3, 0, 8)	1	0	608143	818397	48	47
(0, 4, 8)	1	0	490467	507382	27	26
(4, 0, 8)	2	0	788146	756020	55	55
(0, 5, 8)	2	0	738572	723510	31	31
(5, 0, 8)	1	0	802526	769352	41	40
(0, 6, 8)	1	0	462871	913134	36	35
(6, 0, 8)	2	0	829061	416466	27	27
(0, 7, 8)	1	0	472513	626565	37	36
(7, 0, 8)	2	0	504049	286047	28	28
(0, 8, 8)	1	0	667620	590526	37	36
(8, 0, 8)	2	0	294074	196898	19	19
(0, 9, 8)	1	0	205552	194605	18	17
(9, 0, 8)	2	0	177198	252091	15	15
(0, 10, 8)	1	0	279384	701990	23	22
(10, 0, 8)	2	0	527879	185786	14	14
(0, 11, 8)	1	0	499365	827718	36	35
(11, 0, 8)	2	0	663092	439446	23	23
(0, 12, 8)	1	0	399532	416652	25	24
(12, 0, 8)	2	0	284035	149565	20	20
(0, 13, 8)	1	0	475857	389896	29	28
(13, 0, 8)	2	0	201621	271487	24	24
(1, 2, 8)	1	0	912649	850068	48	47
(2, 1, 8)	1	0	830482	952642	42	41
(1, 3, 8)	2	0	834022	462411	29	29
(3, 1, 8)	1	0	468521	805858	25	24
(1, 4, 8)	1	0	741379	515038	25	24
(4, 1, 8)	1	0	499268	889633	40	39
(1, 5, 8)	1	0	975276	946717	62	61
(5, 1, 8)	2	0	590028	627240	19	19
(1, 6, 8)	2	0	533981	599237	13	13
(6, 1, 8)	2	0	964101	884396	41	41
(1, 7, 8)	1	0	781694	578279	39	38
(7, 1, 8)	2	0	373986	552038	23	23
(1, 8, 8)	1	0	612384	430572	22	21
(8, 1, 8)	2	0	349896	659484	23	23
(1, 9, 8)	1	0	916269	522847	39	38
(9, 1, 8)	2	0	283697	714719	25	25
(1, 10, 8)	1	0	588733	648994	22	21
(10, 1, 8)	1	0	563321	626803	17	16
(1, 11, 8)	1	0	717819	574745	24	23
(11, 1, 8)	2	0	618460	734257	22	22
(1, 12, 8)	1	0	889650	639469	39	38
(12, 1, 8)	2	0	149460	425393	22	22
(1, 13, 8)	1	0	844417	924487	45	44
(13, 1, 8)	2	0	306489	695696	30	30
(2, 3, 8)	2	0	719641	221215	25	25
(3, 2, 8)	1	0	342271	709882	25	24
(2, 4, 8)	1	0	777669	779680	39	38
(4, 2, 8)	2	0	663455	730836	37	37
(2, 5, 8)	1	0	671150	632889	21	20
(5, 2, 8)	2	0	855373	851975	48	48
(2, 6, 8)	1	0	751639	926140	40	39
(6, 2, 8)	2	0	969598	841223	48	48
(2, 7, 8)	1	0	680667	508438	30	29
(7, 2, 8)	2	0	715961	774176	44	44
(2, 8, 8)	1	0	734518	764361	30	29
(8, 2, 8)	2	0	433731	657601	22	22
(2, 9, 8)	2	0	728907	245929	26	26
(9, 2, 8)	2	0	309991	702395	29	29
(2, 10, 8)	1	0	690693	678215	24	23
(10, 2, 8)	2	0	687433	677034	24	24
(2, 11, 8)	1	0	663053	618120	26	25
(11, 2, 8)	2	0	786921	729641	28	28
(2, 12, 8)	1	0	756799	451026	34	33
(12, 2, 8)	2	0	118686	502399	15	15
(2, 13, 8)	1	0	675723	433485	26	25
(13, 2, 8)	2	0	560391	712745	28	28
(3, 4, 8)	1	0	376884	538744	23	22
(4, 3, 8)	2	0	672311	479869	29	29
(3, 5, 8)	1	0	645054	849398	46	45
(5, 3, 8)	2	0	706731	503668	27	27
(3, 6, 8)	1	0	590155	948432	45	44
(6, 3, 8)	2	0	379974	151027	18	18
(3, 7, 8)	1	0	262890	440577	26	25
(7, 3, 8)	2	0	373973	224698	26	26
(3, 8, 8)	1	0	210409	264369	15	14
(8, 3, 8)	2	0	271183	207686	12	12
(3, 9, 8)	1	0	209243	207158	22	21
(9, 3, 8)	2	0	308796	485351	27	27
(3, 10, 8)	1	0	254174	668102	19	18
(10, 3, 8)	2	0	485992	264990	22	22
(3, 11, 8)	1	0	265091	541646	25	24
(11, 3, 8)	2	0	426390	152107	18	18
(3, 12, 8)	1	0	432951	400235	34	33
(12, 3, 8)	2	0	268543	166959	21	21
(3, 13, 8)	1	0	313843	306876	23	22
(13, 3, 8)	2	0	112666	202599	29	29
(4, 5, 8)	2	0	549414	721008	36	36
(5, 4, 8)	1	0	752088	451755	31	30
(4, 6, 8)	2	0	522406	869001	31	31
(6, 4, 8)	2	0	894262	545124	41	41
(4, 7, 8)	1	0	203036	403062	20	19
(7, 4, 8)	2	0	481138	387222	33	33
(4, 8, 8)	1	0	353165	416209	23	22
(8, 4, 8)	2	0	910486	558612	39	39
(4, 9, 8)	2	0	427745	175357	27	27
(9, 4, 8)	2	0	544160	746890	52	52
(4, 10, 8)	1	0	439099	813233	34	33
(10, 4, 8)	2	0	370202	137404	16	16
(4, 11, 8)	1	0	363992	595763	25	24
(11, 4, 8)	2	0	818560	464992	35	35
(4, 12, 8)	2	0	628832	414957	33	33
(12, 4, 8)	2	0	154888	74462	17	17
(4, 13, 8)	1	0	669194	481933	58	57
(13, 4, 8)	2	0	104392	173132	24	24
(5, 6, 8)	2	0	690386	646587	24	24
(6, 5, 8)	1	0	962776	776255	41	40
(5, 7, 8)	1	0	933083	777207	47	46
(7, 5, 8)	2	0	559098	788506	43	43
(5, 8, 8)	1	0	469426	276237	14	13
(8, 5, 8)	2	0	337632	419866	22	22
(5, 9, 8)	1	0	842422	396840	31	30
(9, 5, 8)	2	0	391658	897472	39	39
(5, 10, 8)	1	0	724699	862100	38	37
(10, 5, 8)	2	0	699491	599346	31	31
(5, 11, 8)	1	0	744181	843013	39	38
(11, 5, 8)	1	0	530531	447971	15	14
(5, 12, 8)	1	0	640695	420252	30	29
(12, 5, 8)	2	0	201332	554652	20	20
(5, 13, 8)	1	0	858470	769912	42	41
(13, 5, 8)	2	0	978546	856792	53	53
(6, 7, 8)	1	0	846231	674056	36	35
(7, 6, 8)	2	0	673053	874725	36	36
(6, 8, 8)	1	0	604360	276446	16	15
(8, 6, 8)	2	0	423692	671725	26	26
(6, 9, 8)	1	0	938857	478551	39	38
(9, 6, 8)	2	0	258530	687268	21	21
(6, 10, 8)	1	0	649774	638591	22	21
(10, 6, 8)	1	0	875330	968685	53	52
(6, 11, 8)	1	0	499709	548927	20	19
(11, 6, 8)	2	0	855801	892827	30	30
(6, 12, 8)	1	0	868873	491087	39	38
(12, 6, 8)	2	0	312188	262146	17	17
(6, 13, 8)	1	0	740778	142459	28	27
(13, 6, 8)	2	0	50155	478743	17	17
(7, 8, 8)	1	0	359101	359839	21	20
(8, 7, 8)	1	0	569831	416428	26	25
(7, 9, 8)	1	0	297189	177755	15	14
(9, 7, 8)	2	0	388170	573207	34	34
(7, 10, 8)	1	0	389044	625973	24	23
(10, 7, 8)	1	0	623513	501537	27	26
(7, 11, 8)	2	0	338413	535645	17	17
(11, 7, 8)	1	0	527514	572902	25	24
(7, 12, 8)	1	0	325721	240083	32	31
(12, 7, 8)	2	0	554752	505183	30	30
(7, 13, 8)	1	0	373693	181872	21	20
(13, 7, 8)	2	0	112022	293374	12	12
(8, 9, 8)	2	0	486607	325553	33	33
(9, 8, 8)	1	0	208325	411037	26	25
(8, 10, 8)	2	0	775618	742540	27	27
(10, 8, 8)	2	0	509177	198984	23	23
(8, 11, 8)	1	0	570939	589743	28	27
(11, 8, 8)	2	0	749022	390905	28	28
(8, 12, 8)	1	0	778343	557642	32	31
(12, 8, 8)	1	0	513323	683724	30	29
(8, 13, 8)	2	0	667093	307177	33	33
(13, 8, 8)	2	0	146721	314479	19	19
(9, 10, 8)	2	0	339814	674994	30	30
(10, 9, 8)	2	0	575043	211434	22	22
(9, 11, 8)	2	0	520128	918452	46	46
(11, 9, 8)	2	0	661364	192563	23	23
(9, 12, 8)	2	0	331104	443111	30	30
(12, 9, 8)	2	0	258823	113049	17	17
(9, 13, 8)	1	0	460503	928230	53	52
(13, 9, 8)	1	0	71888	170904	19	18
(10, 11, 8)	1	0	678012	694657	31	30
(11, 10, 8)	1	0	429657	666827	23	22
(10, 12, 8)	2	0	556141	270907	21	21
(12, 10, 8)	2	0	664394	909012	38	38
(10, 13, 8)	2	0	662324	187130	25	25
(13, 10, 8)	1	0	127229	511288	19	18
(11, 12, 8)	1	0	493231	293854	27	26
(12, 11, 8)	2	0	298541	402991	21	21
(11, 13, 8)	1	0	447355	180348	16	15
(13, 11, 8)	1	0	107885	516723	20	19
(12, 13, 8)	2	0	155565	56087	15	15
(13, 12, 8)	1	0	224258	309472	25	24
(0, 1, 9)	1	0	346321	765669	28	27
(1, 0, 9)	1	0	731845	573819	29	28
(0, 2, 9)	1	0	343508	688292	23	22
(2, 0, 9)	1	0	853937	826014	66	65
(0, 3, 9)	2	0	795388	632134	48	48
(3, 0, 9)	1	0	850419	861898	77	76
(0, 4, 9)	1	0	303352	567767	29	28
(4, 0, 9)	2	0	631912	648187	35	35
(0, 5, 9)	1	0	361876	639447	21	20
(5, 0, 9)	1	0	865960	801900	41	40
(0, 6, 9)	1	0	337339	861345	28	27
(6, 0, 9)	2	0	943835	626893	44	44
(0, 7, 9)	1	0	435601	513959	35	34
(7, 0, 9)	2	0	682919	609011	41	41
(0, 8, 9)	1	0	511063	332174	29	28
(8, 0, 9)	2	0	440452	226279	16	16
(0, 9, 9)	1	0	233636	243608	22	21
(9, 0, 9)	2	0	109790	81727	10	10
(0, 10, 9)	1	0	225671	773166	25	24
(10, 0, 9)	2	0	564438	201906	18	18
(0, 11, 9)	1	0	72504	244681	15	14
(11, 0, 9)	2	0	462444	192776	16	16
(0, 12, 9)	1	0	282302	397151	27	26
(12, 0, 9)	2	0	262763	88914	17	17
(0, 13, 9)	1	0	607947	447490	33	32
(13, 0, 9)	2	0	187967	302440	25	25
(1, 2, 9)	1	0	845479	825671	42	41
(2, 1, 9)	1	0	624182	662922	20	19
(1, 3, 9)	2	0	955542	706477	55	55
(3, 1, 9)	1	0	265744	800472	27	26
(1, 4, 9)	1	0	808633	646403	27	26
(4, 1, 9)	2	0	716705	903314	37	37
(1, 5, 9)	1	0	684804	708626	27	26
(5, 1, 9)	2	0	711283	736026	27	27
(1, 6, 9)	2	0	691189	748905	30	30
(6, 1, 9)	2	0	626625	599834	27	27
(1, 7, 9)	1	0	690279	457480	29	28
(7, 1, 9)	2	0	648524	795588	37	37
(1, 8, 9)	1	0	596172	158846	17	16
(8, 1, 9)	2	0	363252	677598	17	17
(1, 9, 9)	1	0	620156	218929	20	19
(9, 1, 9)	2	0	110983	343373	13	13
(1, 10, 9)	1	0	710067	632076	22	21
(10, 1, 9)	2	0	278577	446032	16	16
(1, 11, 9)	1	0	397111	226452	14	13
(11, 1, 9)	2	0	448087	622699	23	23
(1, 12, 9)	1	0	626152	365048	27	26
(12, 1, 9)	2	0	527547	674448	33	33
(1, 13, 9)	1	0	805115	598542	38	37
(13, 1, 9)	2	0	327756	680177	29	29
(2, 3, 9)	2	0	699296	285530	23	23
(3, 2, 9)	1	0	458376	709807	25	24
(2, 4, 9)	2	0	664147	205061	20	20
(4, 2, 9)	2	0	764309	752555	35	35
(2, 5, 9)	2	0	834519	744780	43	43
(5, 2, 9)	1	0	768386	775814	33	32
(2, 6, 9)	1	0	776156	968641	46	45
(6, 2, 9)	2	0	741747	752499	38	38
(2, 7, 9)	1	0	749112	542942	39	38
(7, 2, 9)	1	0	331142	709839	25	24
(2, 8, 9)	1	0	688156	327374	22	21
(8, 2, 9)	2	0	210887	545934	14	14
(2, 9, 9)	1	0	734461	346788	32	31
(9, 2, 9)	2	0	110099	491845	12	12
(2, 10, 9)	1	0	675570	593718	23	22
(10, 2, 9)	2	0	722931	705055	26	26
(2, 11, 9)	1	0	802060	832486	46	45
(11, 2, 9)	2	0	699509	732482	28	28
(2, 12, 9)	1	0	764172	637274	42	41
(12, 2, 9)	2	0	333059	655885	28	28
(2, 13, 9)	1	0	765677	178931	37	36
(13, 2, 9)	2	0	627081	743616	30	30
(3, 4, 9)	1	0	399038	506381	27	26
(4, 3, 9)	2	0	639472	315140	23	23
(3, 5, 9)	1	0	222824	462075	18	17
(5, 3, 9)	2	0	680363	419272	22	22
(3, 6, 9)	1	0	322405	713663	28	27
(6, 3, 9)	2	0	516772	102080	22	22
(3, 7, 9)	1	0	503594	495958	31	30
(7, 3, 9)	2	0	502424	292682	29	29
(3, 8, 9)	1	0	266885	256635	15	14
(8, 3, 9)	2	0	560049	259776	23	23
(3, 9, 9)	1	0	370185	274692	25	24
(9, 3, 9)	2	0	166306	174345	18	18
(3, 10, 9)	1	0	184688	308000	14	13
(10, 3, 9)	2	0	308011	72645	15	15
(3, 11, 9)	1	0	123120	377194	16	15
(11, 3, 9)	2	0	512398	126060	16	16
(3, 12, 9)	1	0	391820	433118	34	33
(12, 3, 9)	2	0	301553	334986	18	18
(3, 13, 9)	1	0	311598	203618	26	25
(13, 3, 9)	2	0	145932	217468	30	30
(4, 5, 9)	2	0	946513	978858	67	67
(5, 4, 9)	2	0	669870	394985	24	24
(4, 6, 9)	1	0	237776	626542	26	25
(6, 4, 9)	1	0	684334	586078	26	25
(4, 7, 9)	2	0	624126	596957	33	33
(7, 4, 9)	2	0	383035	293678	25	25
(4, 8, 9)	1	0	99608	297000	20	19
(8, 4, 9)	2	0	328738	396732	24	24
(4, 9, 9)	1	0	222600	240021	33	32
(9, 4, 9)	2	0	111754	96103	14	14
(4, 10, 9)	1	0	65494	227274	17	16
(10, 4, 9)	2	0	312158	68564	13	13
(4, 11, 9)	1	0	42324	343098	13	12
(11, 4, 9)	2	0	763007	613776	28	28
(4, 12, 9)	1	0	390140	327954	22	21
(12, 4, 9)	2	0	540007	499203	35	35
(4, 13, 9)	1	0	384201	192186	28	27
(13, 4, 9)	2	0	163924	234727	23	23
(5, 6, 9)	1	0	641389	692506	33	32
(6, 5, 9)	2	0	491811	275917	21	21
(5, 7, 9)	1	0	815027	579800	35	34
(7, 5, 9)	2	0	602484	705952	41	41
(5, 8, 9)	1	0	568257	429239	20	19
(8, 5, 9)	2	0	354697	575514	29	29
(5, 9, 9)	1	0	430876	154773	17	16
(9, 5, 9)	2	0	116906	221619	19	19
(5, 10, 9)	1	0	888351	890413	50	49
(10, 5, 9)	2	0	288656	210683	16	16
(5, 11, 9)	1	0	349816	327687	19	18
(11, 5, 9)	2	0	448127	369975	21	21
(5, 12, 9)	1	0	776409	449289	32	31
(12, 5, 9)	2	0	402710	645395	24	24
(5, 13, 9)	1	0	491679	194246	18	17
(13, 5, 9)	2	0	817802	913690	50	50
(6, 7, 9)	2	0	484730	214319	21	21
(7, 6, 9)	2	0	652784	881899	34	34
(6, 8, 9)	1	0	345809	292650	19	18
(8, 6, 9)	1	0	830952	955771	36	35
(6, 9, 9)	1	0	648688	267543	24	23
(9, 6, 9)	2	0	112473	197828	12	12
(6, 10, 9)	1	0	988732	982791	73	72
(10, 6, 9)	2	0	681031	737973	32	32
(6, 11, 9)	1	0	663973	598848	26	25
(11, 6, 9)	1	0	681139	857459	34	33
(6, 12, 9)	1	0	777247	420348	26	25
(12, 6, 9)	2	0	476329	702761	30	30
(6, 13, 9)	1	0	878937	312836	36	35
(13, 6, 9)	2	0	101689	609435	19	19
(7, 8, 9)	2	0	664002	523760	35	35
(8, 7, 9)	2	0	482483	401382	21	21
(7, 9, 9)	2	0	469573	197827	22	22
(9, 7, 9)	2	0	211284	368386	22	22
(7, 10, 9)	2	0	745248	860036	44	44
(10, 7, 9)	2	0	706783	482043	24	24
(7, 11, 9)	1	0	440169	647490	24	23
(11, 7, 9)	2	0	419120	197374	17	17
(7, 12, 9)	2	0	473939	413476	25	25
(12, 7, 9)	1	0	466168	505772	31	30
(7, 13, 9)	1	0	340784	188245	18	17
(13, 7, 9)	2	0	258454	297690	22	22
(8, 9, 9)	2	0	476162	208418	26	26
(9, 8, 9)	2	0	175495	299104	16	16
(8, 10, 9)	1	0	488934	774171	34	33
(10, 8, 9)	1	0	381859	260234	23	22
(8, 11, 9)	1	0	326836	643895	32	31
(11, 8, 9)	2	0	901041	884745	41	41
(8, 12, 9)	1	0	542365	528157	36	35
(12, 8, 9)	2	0	503596	767597	31	31
(8, 13, 9)	1	0	691902	216865	40	39
(13, 8, 9)	2	0	243946	469074	33	33
(9, 10, 9)	2	0	179588	375155	16	16
(10, 9, 9)	2	0	827758	380806	34	34
(9, 11, 9)	1	0	127006	283931	19	18
(11, 9, 9)	2	0	443962	197115	22	22
(9, 12, 9)	1	0	243251	510639	33	32
(12, 9, 9)	2	0	577026	372446	41	41
(9, 13, 9)	2	0	278825	166713	20	20
(13, 9, 9)	2	0	629835	307377	35	35
(10, 11, 9)	1	0	849177	832692	39	38
(11, 10, 9)	2	0	708846	589975	31	31
(10, 12, 9)	1	0	615047	455589	31	30
(12, 10, 9)	2	0	594843	809117	32	32
(10, 13, 9)	1	0	308164	102038	21	20
(13, 10, 9)	1	0	135205	411515	13	12
(11, 12, 9)	2	0	802716	574660	43	43
(12, 11, 9)	2	0	164858	175929	13	13
(11, 13, 9)	1	0	603217	280139	28	27
(13, 11, 9)	2	0	783888	791820	51	51
(12, 13, 9)	1	0	341820	134659	25	24
(13, 12, 9)	1	0	515212	516093	30	29
(0, 1, 10)	1	0	521994	846356	34	33
(1, 0, 10)	2	0	806915	209611	28	28
(0, 2, 10)	2	0	815787	817500	48	48
(2, 0, 10)	2	0	729004	224952	26	26
(0, 3, 10)	2	0	748050	489395	37	37
(3, 0, 10)	2	0	673701	579830	39	39
(0, 4, 10)	2	0	766566	530245	32	32
(4, 0, 10)	2	0	534052	269036	25	25
(0, 5, 10)	1	0	136351	306737	14	13
(5, 0, 10)	2	0	603778	340959	23	23
(0, 6, 10)	1	0	438124	713728	25	24
(6, 0, 10)	2	0	618506	152434	23	23
(0, 7, 10)	1	0	281634	467599	25	24
(7, 0, 10)	2	0	145229	44959	17	17
(0, 8, 10)	1	0	479293	673506	35	34
(8, 0, 10)	2	0	154017	120774	8	8
(0, 9, 10)	1	0	146306	179571	16	15
(9, 0, 10)	2	0	177734	123469	19	19
(0, 10, 10)	1	0	595595	624658	27	26
(10, 0, 10)	2	0	342271	161525	15	15
(0, 11, 10)	1	0	231703	485773	20	19
(11, 0, 10)	2	0	324697	45046	17	17
(0, 12, 10)	1	0	167248	312821	23	22
(12, 0, 10)	2	0	323923	144275	20	20
(0, 13, 10)	1	0	223107	44174	19	18
(13, 0, 10)	2	0	116497	224994	25	25
(1, 2, 10)	2	0	769567	682850	22	22
(2, 1, 10)	2	0	663985	595290	20	20
(1, 3, 10)	2	0	756427	343424	28	28
(3, 1, 10)	2	0	679390	791207	42	42
(1, 4, 10)	2	0	887230	534175	35	35
(4, 1, 10)	2	0	705998	934343	51	51
(1, 5, 10)	2	0	803865	535461	24	24
(5, 1, 10)	1	0	530377	766223	24	23
(1, 6, 10)	2	0	751468	676821	30	30
(6, 1, 10)	2	0	772696	757635	30	30
(1, 7, 10)	1	0	595311	444957	26	25
(7, 1, 10)	2	0	413647	625403	21	21
(1, 8, 10)	1	0	625624	233057	23	22
(8, 1, 10)	2	0	295721	511523	20	20
(1, 9, 10)	1	0	514038	166525	17	16
(9, 1, 10)	2	0	217241	603373	23	23
(1, 10, 10)	1	0	601767	593947	23	22
(10, 1, 10)	2	0	631438	662779	27	27
(1, 11, 10)	1	0	631813	441384	26	25
(11, 1, 10)	2	0	345193	562200	18	18
(1, 12, 10)	1	0	524912	310693	24	23
(12, 1, 10)	2	0	343111	593378	22	22
(1, 13, 10)	1	0	566027	104486	34	33
(13, 1, 10)	2	0	22464	442145	19	19
(2, 3, 10)	2	0	636528	228269	18	18
(3, 2, 10)	1	0	552078	800594	37	36
(2, 4, 10)	1	0	717045	406366	27	26
(4, 2, 10)	2	0	600265	762739	35	35
(2, 5, 10)	1	0	580731	409397	16	15
(5, 2, 10)	1	0	710708	800658	37	36
(2, 6, 10)	2	0	737651	662866	27	27
(6, 2, 10)	2	0	608571	650748	22	22
(2, 7, 10)	1	0	688087	313606	28	27
(7, 2, 10)	2	0	430011	647084	24	24
(2, 8, 10)	1	0	732754	312465	28	27
(8, 2, 10)	2	0	156885	399756	8	8
(2, 9, 10)	1	0	756543	332558	30	29
(9, 2, 10)	2	0	434538	721303	37	37
(2, 10, 10)	1	0	710000	596497	27	26
(10, 2, 10)	2	0	864442	834656	49	49
(2, 11, 10)	2	0	699192	611071	23	23
(11, 2, 10)	2	0	286468	592598	16	16
(2, 12, 10)	1	0	669368	310699	24	23
(12, 2, 10)	2	0	348954	622007	21	21
(2, 13, 10)	1	0	747023	485839	33	32
(13, 2, 10)	2	0	23190	567381	18	18
(3, 4, 10)	1	0	571096	501363	31	30
(4, 3, 10)	2	0	532575	680556	46	46
(3, 5, 10)	1	0	255239	687183	24	23
(5, 3, 10)	2	0	562107	350842	24	24
(3, 6, 10)	2	0	672911	864065	48	48
(6, 3, 10)	2	0	565105	110265	26	26
(3, 7, 10)	1	0	330000	571124	27	26
(7, 3, 10)	2	0	114154	46362	18	18
(3, 8, 10)	1	0	713264	641376	35	34
(8, 3, 10)	2	0	153672	193125	8	8
(3, 9, 10)	1	0	192773	179573	16	15
(9, 3, 10)	2	0	221106	165830	25	25
(3, 10, 10)	1	0	212233	573870	17	16
(10, 3, 10)	2	0	733167	353605	26	26
(3, 11, 10)	1	0	710568	656182	40	39
(11, 3, 10)	2	0	210735	53655	14	14
(3, 12, 10)	1	0	166705	308650	25	24
(12, 3, 10)	2	0	362779	255311	24	24
(3, 13, 10)	1	0	66918	22907	19	18
(13, 3, 10)	2	0	41795	327498	28	28
(4, 5, 10)	2	0	257168	550756	21	21
(5, 4, 10)	1	0	619873	546246	33	32
(4, 6, 10)	2	0	619326	809348	30	30
(6, 4, 10)	2	0	445619	195933	16	16
(4, 7, 10)	1	0	407678	510765	29	28
(7, 4, 10)	2	0	375415	332228	27	27
(4, 8, 10)	1	0	427481	522618	36	35
(8, 4, 10)	2	0	152828	156113	8	8
(4, 9, 10)	1	0	605696	469660	40	39
(9, 4, 10)	2	0	239886	288613	24	24
(4, 10, 10)	1	0	449031	751632	29	28
(10, 4, 10)	2	0	377850	246908	17	17
(4, 11, 10)	1	0	480173	721755	31	30
(11, 4, 10)	2	0	656758	534470	30	30
(4, 12, 10)	1	0	568577	595435	53	52
(12, 4, 10)	2	0	340536	349013	20	20
(4, 13, 10)	1	0	229509	105578	25	24
(13, 4, 10)	2	0	22745	54681	19	19
(5, 6, 10)	2	0	574092	777925	27	27
(6, 5, 10)	2	0	915095	724661	41	41
(5, 7, 10)	1	0	431197	309407	29	28
(7, 5, 10)	2	0	150176	137733	19	19
(5, 8, 10)	1	0	731896	593789	41	40
(8, 5, 10)	2	0	363825	448082	23	23
(5, 9, 10)	1	0	489705	203031	25	24
(9, 5, 10)	2	0	327861	857583	40	40
(5, 10, 10)	2	0	674850	781354	29	29
(10, 5, 10)	2	0	498740	515693	27	27
(5, 11, 10)	1	0	511897	490403	25	24
(11, 5, 10)	2	0	319310	142451	20	20
(5, 12, 10)	2	0	461531	271630	15	15
(12, 5, 10)	2	0	630029	778239	49	49
(5, 13, 10)	1	0	253054	20905	19	18
(13, 5, 10)	2	0	62866	657407	31	31
(6, 7, 10)	2	0	551244	200554	18	18
(7, 6, 10)	2	0	432748	716304	31	31
(6, 8, 10)	2	0	253333	72739	17	17
(8, 6, 10)	2	0	153324	297867	9	9
(6, 9, 10)	2	0	403778	78758	18	18
(9, 6, 10)	2	0	221681	676692	23	23
(6, 10, 10)	2	0	446739	600035	26	26
(10, 6, 10)	2	0	685280	667872	26	26
(6, 11, 10)	1	0	482648	630221	24	23
(11, 6, 10)	2	0	746695	829600	33	33
(6, 12, 10)	2	0	471823	201375	16	16
(12, 6, 10)	2	0	323560	526748	23	23
(6, 13, 10)	1	0	757637	373436	41	40
(13, 6, 10)	2	0	19347	151249	20	20
(7, 8, 10)	2	0	487462	599718	29	29
(8, 7, 10)	2	0	147605	163082	8	8
(7, 9, 10)	2	0	328382	170846	24	24
(9, 7, 10)	2	0	199742	400757	21	21
(7, 10, 10)	2	0	360184	659696	25	25
(10, 7, 10)	2	0	595491	446026	24	24
(7, 11, 10)	1	0	583758	727939	37	36
(11, 7, 10)	2	0	564654	336527	20	20
(7, 12, 10)	2	0	157470	123426	17	17
(12, 7, 10)	2	0	380090	355762	22	22
(7, 13, 10)	2	0	625454	487276	35	35
(13, 7, 10)	2	0	72750	246300	20	20
(8, 9, 10)	2	0	412290	168905	18	18
(9, 8, 10)	1	0	441323	888015	39	38
(8, 10, 10)	2	0	149467	355448	8	8
(10, 8, 10)	2	0	729219	258641	32	32
(8, 11, 10)	2	0	147435	207098	8	8
(11, 8, 10)	2	0	649435	362547	23	23
(8, 12, 10)	2	0	209040	122878	16	16
(12, 8, 10)	2	0	348866	235413	25	25
(8, 13, 10)	2	0	147761	11877	8	8
(13, 8, 10)	2	0	133895	322560	24	24
(9, 10, 10)	2	0	483428	829628	39	39
(10, 9, 10)	2	0	683627	185711	18	18
(9, 11, 10)	2	0	253455	551884	21	21
(11, 9, 10)	2	0	584384	297266	27	27
(9, 12, 10)	2	0	116200	181440	16	16
(12, 9, 10)	2	0	349915	152770	23	23
(9, 13, 10)	1	0	152171	83556	23	22
(13, 9, 10)	2	0	22671	114730	20	20
(10, 11, 10)	2	0	720667	632039	24	24
(11, 10, 10)	1	0	562646	721133	26	25
(10, 12, 10)	2	0	732307	362236	26	26
(12, 10, 10)	2	0	447540	736442	26	26
(10, 13, 10)	2	0	449057	59297	22	22
(13, 10, 10)	2	0	152145	538409	23	23
(11, 12, 10)	2	0	319160	129819	17	17
(12, 11, 10)	1	0	384343	547787	26	25
(11, 13, 10)	1	0	425717	92304	23	22
(13, 11, 10)	1	0	24467	412991	16	15
(12, 13, 10)	1	0	304564	90112	24	23
(13, 12, 10)	2	0	133122	297200	24	24
(0, 1, 11)	2	0	577155	870527	42	42
(1, 0, 11)	2	0	624328	346068	17	17
(0, 2, 11)	2	0	808981	805012	49	49
(2, 0, 11)	1	0	818666	806621	52	51
(0, 3, 11)	2	0	704758	512921	43	43
(3, 0, 11)	1	0	521415	706687	39	38
(0, 4, 11)	2	0	812219	599779	47	47
(4, 0, 11)	2	0	375401	388339	30	30
(0, 5, 11)	2	0	452155	566500	33	33
(5, 0, 11)	2	0	671931	371680	29	29
(0, 6, 11)	1	0	323086	701119	25	24
(6, 0, 11)	2	0	795321	283689	34	34
(0, 7, 11)	1	0	476763	611998	36	35
(7, 0, 11)	2	0	605767	391567	34	34
(0, 8, 11)	2	0	363476	174230	19	19
(8, 0, 11)	2	0	112010	99977	14	14
(0, 9, 11)	1	0	291851	282224	28	27
(9, 0, 11)	2	0	213106	181820	19	19
(0, 10, 11)	1	0	277233	565483	24	23
(10, 0, 11)	2	0	663154	294516	27	27
(0, 11, 11)	1	0	326207	744183	34	33
(11, 0, 11)	2	0	603703	290304	25	25
(0, 12, 11)	1	0	383535	483609	32	31
(12, 0, 11)	2	0	551297	406477	34	34
(0, 13, 11)	1	0	252863	63856	28	27
(13, 0, 11)	2	0	45346	132806	21	21
(1, 2, 11)	2	0	905017	809765	39	39
(2, 1, 11)	2	0	811395	848351	38	38
(1, 3, 11)	2	0	906616	624160	38	38
(3, 1, 11)	1	0	500721	776716	22	21
(1, 4, 11)	1	0	751437	418595	31	30
(4, 1, 11)	2	0	599018	846319	36	36
(1, 5, 11)	2	0	861343	799825	31	31
(5, 1, 11)	2	0	874638	918246	44	44
(1, 6, 11)	1	0	913307	962692	45	44
(6, 1, 11)	2	0	871171	779411	32	32
(1, 7, 11)	1	0	808184	565553	34	33
(7, 1, 11)	2	0	495649	751175	36	36
(1, 8, 11)	1	0	808139	272909	29	28
(8, 1, 11)	2	0	285157	432561	14	14
(1, 9, 11)	1	0	669040	263031	25	24
(9, 1, 11)	2	0	581412	955876	51	51
(1, 10, 11)	1	0	934945	912514	47	46
(10, 1, 11)	2	0	841412	834031	32	32
(1, 11, 11)	1	0	661100	476731	24	23
(11, 1, 11)	2	0	409524	536055	19	19
(1, 12, 11)	1	0	816331	553252	33	32
(12, 1, 11)	2	0	402953	691039	28	28
(1, 13, 11)	1	0	706180	101230	28	27
(13, 1, 11)	2	0	513628	903689	46	46
(2, 3, 11)	2	0	676543	316509	21	21
(3, 2, 11)	2	0	625437	749808	45	45
(2, 4, 11)	1	0	745197	553790	34	33
(4, 2, 11)	2	0	801709	803212	46	46
(2, 5, 11)	1	0	840814	862774	46	45
(5, 2, 11)	2	0	509287	569400	16	16
(2, 6, 11)	1	0	755247	892611	37	36
(6, 2, 11)	2	0	866299	698018	30	30
(2, 7, 11)	1	0	753885	601227	34	33
(7, 2, 11)	2	0	633458	715800	36	36
(2, 8, 11)	1	0	682573	268827	22	21
(8, 2, 11)	2	0	918341	771890	38	38
(2, 9, 11)	1	0	751013	372093	31	30
(9, 2, 11)	2	0	345012	703896	25	25
(2, 10, 11)	1	0	790638	887729	38	37
(10, 2, 11)	2	0	759541	677749	26	26
(2, 11, 11)	1	0	773254	839185	38	37
(11, 2, 11)	2	0	755675	731621	29	29
(2, 12, 11)	1	0	756104	614692	46	45
(12, 2, 11)	2	0	551164	764486	42	42
(2, 13, 11)	1	0	782536	191654	46	45
(13, 2, 11)	2	0	380061	787799	41	41
(3, 4, 11)	1	0	170596	241386	21	20
(4, 3, 11)	2	0	972521	956357	68	68
(3, 5, 11)	1	0	626883	827629	43	42
(5, 3, 11)	2	0	683132	431887	23	23
(3, 6, 11)	1	0	486460	886972	39	38
(6, 3, 11)	2	0	932383	484014	36	36
(3, 7, 11)	1	0	633268	654396	40	39
(7, 3, 11)	2	0	444097	346516	27	27
(3, 8, 11)	1	0	463470	415594	30	29
(8, 3, 11)	2	0	107792	82619	15	15
(3, 9, 11)	1	0	294270	238671	23	22
(9, 3, 11)	2	0	259059	279565	23	23
(3, 10, 11)	1	0	340342	563215	25	24
(10, 3, 11)	2	0	766294	421656	25	25
(3, 11, 11)	1	0	316341	462053	22	21
(11, 3, 11)	2	0	507250	344009	21	21
(3, 12, 11)	1	0	322062	368963	28	27
(12, 3, 11)	2	0	524341	490675	35	35
(3, 13, 11)	1	0	361422	83976	30	29
(13, 3, 11)	2	0	324460	566011	31	31
(4, 5, 11)	2	0	613274	691122	31	31
(5, 4, 11)	1	0	794777	404417	32	31
(4, 6, 11)	1	0	700581	972026	51	50
(6, 4, 11)	1	0	964132	756083	49	48
(4, 7, 11)	1	0	476403	643572	44	43
(7, 4, 11)	2	0	333117	179365	26	26
(4, 8, 11)	1	0	311097	378761	22	21
(8, 4, 11)	2	0	255362	308021	12	12
(4, 9, 11)	1	0	380327	296259	26	25
(9, 4, 11)	2	0	168962	164795	20	20
(4, 10, 11)	1	0	455141	606135	27	26
(10, 4, 11)	2	0	737876	227449	29	29
(4, 11, 11)	1	0	136013	261583	23	22
(11, 4, 11)	1	0	842879	592774	35	34
(4, 12, 11)	1	0	482154	465868	43	42
(12, 4, 11)	2	0	473409	378010	33	33
(4, 13, 11)	1	0	233405	18359	21	20
(13, 4, 11)	2	0	60601	280458	22	22
(5, 6, 11)	2	0	769032	892076	31	31
(6, 5, 11)	2	0	913165	734078	41	41
(5, 7, 11)	1	0	887198	639126	37	36
(7, 5, 11)	2	0	662525	831465	44	44
(5, 8, 11)	1	0	591334	328183	22	21
(8, 5, 11)	2	0	244077	557634	19	19
(5, 9, 11)	1	0	728992	263834	29	28
(9, 5, 11)	2	0	551021	921247	44	44
(5, 10, 11)	1	0	670762	688136	27	26
(10, 5, 11)	2	0	731094	605641	24	24
(5, 11, 11)	1	0	843889	735517	37	36
(11, 5, 11)	2	0	775436	774436	35	35
(5, 12, 11)	1	0	761987	446933	33	32
(12, 5, 11)	2	0	522162	831643	39	39
(5, 13, 11)	1	0	801954	331696	42	41
(13, 5, 11)	2	0	505030	774530	35	35
(6, 7, 11)	2	0	837598	570900	30	30
(7, 6, 11)	2	0	639528	908893	36	36
(6, 8, 11)	2	0	909994	611409	36	36
(8, 6, 11)	2	0	112239	255244	14	14
(6, 9, 11)	1	0	758352	275102	21	20
(9, 6, 11)	2	0	303227	757636	25	25
(6, 10, 11)	1	0	803830	707893	29	28
(10, 6, 11)	2	0	596351	754850	29	29
(6, 11, 11)	1	0	444366	256714	19	18
(11, 6, 11)	2	0	486660	587765	16	16
(6, 12, 11)	1	0	880384	569111	36	35
(12, 6, 11)	2	0	576222	793458	41	41
(6, 13, 11)	1	0	861084	164579	34	33
(13, 6, 11)	2	0	277777	771470	28	28
(7, 8, 11)	2	0	639138	321034	35	35
(8, 7, 11)	1	0	463819	502786	32	31
(7, 9, 11)	2	0	588787	268036	37	37
(9, 7, 11)	2	0	182680	283110	19	19
(7, 10, 11)	2	0	428052	736420	27	27
(10, 7, 11)	2	0	937440	714014	44	44
(7, 11, 11)	1	0	198282	330864	16	15
(11, 7, 11)	2	0	777743	467874	31	31
(7, 12, 11)	1	0	644551	542771	37	36
(12, 7, 11)	2	0	501670	567533	32	32
(7, 13, 11)	1	0	317629	45986	22	21
(13, 7, 11)	2	0	264188	391625	23	23
(8, 9, 11)	2	0	110335	51170	14	14
(9, 8, 11)	2	0	281317	432663	23	23
(8, 10, 11)	1	0	97228	129981	13	12
(10, 8, 11)	2	0	723335	396380	27	27
(8, 11, 11)	2	0	219784	604088	16	16
(11, 8, 11)	2	0	665976	336602	29	29
(8, 12, 11)	2	0	173231	254761	18	18
(12, 8, 11)	2	0	462666	432898	31	31
(8, 13, 11)	1	0	553685	128143	37	36
(13, 8, 11)	2	0	410246	339584	29	29
(9, 10, 11)	1	0	515063	970217	58	57
(10, 9, 11)	1	0	682097	315882	25	24
(9, 11, 11)	2	0	389120	684631	30	30
(11, 9, 11)	1	0	748633	488123	39	38
(9, 12, 11)	2	0	182359	206155	20	20
(12, 9, 11)	2	0	479790	199437	33	33
(9, 13, 11)	1	0	110754	14959	13	12
(13, 9, 11)	2	0	221894	282560	33	33
(10, 11, 11)	1	0	294427	333589	20	19
(11, 10, 11)	1	0	699432	800421	31	30
(10, 12, 11)	2	0	864071	553866	40	40
(12, 10, 11)	1	0	402790	638001	26	25
(10, 13, 11)	1	0	529055	146215	14	13
(13, 10, 11)	1	0	72642	594325	24	23
(11, 12, 11)	1	0	803483	685598	42	41
(12, 11, 11)	2	0	394110	530374	31	31
(11, 13, 11)	1	0	841895	465947	43	42
(13, 11, 11)	1	0	33259	284053	15	14
(12, 13, 11)	2	0	488857	127070	30	30
(13, 12, 11)	2	0	207383	421203	22	22
