                    3#R 2#K 1#B 0#E 5#A 4#Y 6#P 8#S 7#X 9#R 10# 12# 11# 13#
3#RAPFI22               999 999 999 999100010001000100010001000100010001000
2#KATAGOMO21.F        0     674 996 999 999 9991000100010001000100010001000
1#BARBAKAN            0 325     988 999 999 9991000100010001000100010001000
0#EMBRYO22            0   3  11     896 999 9991000100010001000100010001000
5#ALPHAGOMOKU.MK22    0   0   0 103     999 9991000100010001000100010001000
4#YIXIN18             0   0   0   0   0     815 999 99910001000100010001000
6#PENTAZEN21.20       0   0   0   0   0 184     999 999 9991000100010001000
8#STARDUST            0   0   0   0   0   0   0     978 993 999 999 999 999
7#XOXO21.F            0   0   0   0   0   0   0  21     686 960 990 998 999
9#RENJUSOLVER.F       0   0   0   0   0   0   0   6 313     899 969 993 999
10#WINE18             0   0   0   0   0   0   0   0  39 100     725 885 972
12#HEWER18            0   0   0   0   0   0   0   0   9  30 274     728 907
11#SLOWRENJU20        0   0   0   0   0   0   0   0   1   6 114 271     764
13#TITO14             0   0   0   0   0   0   0   0   0   0  27  92 235    
